E for  6 selected participants in random selection:   acc- 84.6000
loss:  [2.24589252 2.177984   2.08981895 2.28126311 2.2953074  2.23472381
 2.16889787 2.13669109 1.94726908 2.00067782 2.39770365 2.25878167
 2.17290044 2.03791833 1.82370198 1.92122698 2.15752459 1.93793082
 1.69430935 1.37450969 1.25589812 2.03801656 1.65885293 1.23223341
 1.23732948 2.36279798 1.74494028 1.44484949 1.33022368 1.42988157
 1.62736714 1.66892719 1.23725355 1.4023515  1.17663252 1.04965496
 1.40471411 1.22518361 1.0133183  0.9665032  1.21813643 0.93210399
 0.81380212 0.93400168 1.22817779 1.23767126 0.86813259 0.81580317
 0.98839456 1.14897954 0.8942368  0.76610845 0.75458425 0.81314629
 0.87013388 0.79087031 0.7379021  0.71297908 0.71905637 0.73647845
 0.74625665 0.81326872 0.71589214 0.75224209 0.79743135 0.6834079
 0.68345255 0.69281781 0.80288762 0.70326644 1.10917377 1.298473
 0.88661873 0.75398886 0.73417681 0.73891908 0.81366754 0.73882365
 0.71901673 0.64119184 0.66394657 0.71755236 0.86450839 0.68986988
 0.65690142 0.62796682 0.6356802  0.68349349 0.64492667 0.69837946
 0.65177906 0.61505181 0.63364118 0.63606721 0.60555857 0.61126274
 0.63005579 0.67850596 0.75677884 0.70028836 0.61132365 0.58939934
 0.59613836 0.60746652 0.63550621 0.73854744 0.8600958  0.6797564
 0.61541563 0.57996953 0.61433345 0.56808537 0.6021958  0.57925022
 0.66619635 0.70533788 0.61124367 0.57893676 0.64875913 0.68177336
 0.58958822 0.58521718 0.58387595 0.65652806 0.62344724 0.5675236
 0.60161257 0.68507183 0.74781585 0.61738831 0.59693855 0.58995503
 0.58675528 0.55043113 0.58324873 0.54922336 0.60577494 0.58498973
 0.57200372 0.61665672 0.56590891 0.59209031 0.68937457 0.59510452
 0.56441689 0.54679972 0.60939342 0.58795899 0.65399182 0.59031922
 0.54874694 0.58328891 0.5441516  0.61046213 0.53884912 0.58992785
 0.67492086 0.60967815 0.5721001  0.55429316 0.54589844 0.54378766
 0.57285106 0.59425217 0.58033854 0.5367285  0.52784568 0.56302249
 0.61019504 0.61777818 0.60696971 0.5518412  0.59418601 0.57389772
 0.54693907 0.59444791 0.54746401 0.52684021 0.51067966 0.51957333
 0.53866374 0.56824261 0.64283019 0.5730949  0.53956991 0.52960742
 0.52818477 0.51362908 0.5203802  0.50363272 0.49393651 0.51045364
 0.50404066 0.53710061 0.54147112 0.53590339 0.54057771 0.53875297
 0.50701052 0.5332619  0.5707683  0.70141774 0.61864716 0.70535398
 0.5441696  0.5312084  0.50372118 0.50270313 0.54458737 0.51730984
 0.61621243 0.64860302 0.54583144 0.51009816 0.49914169 0.48931211
 0.51640803 0.53515315 0.58450985 0.52460754 0.492212   0.47924361
 0.50481755 0.54632455 0.59070247 0.51808965 0.50725156 0.49495849
 0.49953061 0.47762251 0.48941246 0.49552622 0.55976355 0.49329132
 0.47279635 0.50706822 0.51529539 0.49899653 0.52142614 0.4940581
 0.51560622 0.47604716 0.47508007 0.48871586 0.51359105 0.49731627
 0.47409219 0.49931651 0.50284266 0.52098292 0.49863705 0.49125215
 0.50888574 0.50563276 0.56704664 0.5406301  0.50299138 0.47460112
 0.49925405 0.47757438 0.49051476 0.47621417 0.48122609 0.4764123
 0.48462677 0.47805306 0.51762098 0.49166203 0.48109347 0.49108604
 0.57045984 0.57673413 0.55066466 0.50161821 0.56882805 0.5282982
 0.49574605 0.4994539  0.51125312 0.53234082 0.4929207  0.50596189
 0.48394608 0.49334669 0.4858501  0.49470058 0.48021016 0.48469833
 0.49416479 0.49286163 0.50753611 0.46627021 0.49673134 0.49925932
 0.46474385 0.46434653 0.46656626 0.48008609 0.48065844 0.49170113
 0.50484294 0.47444707 0.44920805 0.46897525 0.55740684 0.46848714
 0.46815714 0.46676329 0.49006826 0.56077331 0.46114907 0.45490777
 0.46657783 0.44088197 0.47186968 0.45504874 0.44644901 0.46926779
 0.48729116 0.46484473 0.45814312 0.4827548  0.46616471 0.45482051
 0.47473803 0.43634531 0.49365523 0.49707514 0.48471093 0.45472577
 0.46135899 0.45163608 0.45497382 0.47864589 0.5364089  0.46069703
 0.47434106 0.44996905 0.44819722 0.44664565 0.44274834 0.50376737
 0.45728564 0.45953897 0.44767916 0.45541254 0.4756017  0.44192308
 0.46693766 0.47561133 0.43808281 0.43512529 0.44256914 0.45377779
 0.5040679  0.53015393 0.5211032  0.44353589 0.45629457 0.44795653
 0.52494138 0.53556061 0.4551214  0.42699316 0.45673057 0.48480758
 0.43875566 0.46217945 0.4182353  0.44389224 0.43988389 0.42943227
 0.47534487 0.64572811 0.51640034 0.53282028 0.50904876 0.43652606
 0.43262187 0.45716947 0.50344408 0.43552822 0.43499586 0.45181566
 0.46354833 0.43479005 0.46254379 0.46470347 0.423188   0.44392729
 0.45529926 0.45022753 0.44742456 0.48764512 0.43069336 0.42199916
 0.42786333 0.49363649 0.44865444 0.45633954 0.43739253 0.43832743
 0.44198921 0.42544305 0.42438936 0.4363457  0.45488605 0.44186074
 0.45572612 0.42999834 0.43528241 0.42539552 0.41367516 0.48295978
 0.47302911 0.41818482 0.41539463 0.41328311 0.43819982 0.44842988
 0.44579306 0.50996518 0.4924421  0.46324956 0.44106796 0.4295997
 0.44407016 0.4310163  0.48117968 0.45163485 0.42864728 0.4265976
 0.41277206 0.43301737 0.424027   0.44370082 0.41964173 0.44282398
 0.47642767 0.41233853 0.42744291 0.41982582 0.41749945 0.40854111
 0.4498792  0.43138418 0.4209649  0.44787934 0.43479311 0.40883341
 0.42153749 0.46368983 0.6873908  0.56556207 0.44503182 0.4457359
 0.49724761 0.53492939 0.45076689 0.44728565 0.45207056 0.4090561
 0.44283584 0.41467524 0.41970396 0.41474205 0.4322505  0.40548807
 0.41090563 0.45312414 0.39730069 0.42540672 0.43939823 0.42108592
 0.42772985 0.41397965 0.42577764 0.52478665 0.44868404 0.39912933
 0.41848841 0.42928681 0.40765887 0.39913628 0.43496582 0.41183573
 0.41747764 0.39465272 0.39489996 0.42427647 0.40337452 0.40466654
 0.42038524 0.46289974 0.39382219 0.41333857 0.43284723 0.49064764
 0.4181734  0.39899829]
E for  8 selected participants in random selection:   acc- 85.4600
loss:  [2.25111818 2.18901086 2.05814505 1.98756588 2.57269859 2.2813704
 2.23243761 2.16852212 2.07669306 1.91284585 1.90953326 2.33172059
 2.22757483 2.1095798  1.93284726 1.77512836 2.18894625 2.04491925
 1.65845299 1.40286756 1.5882144  1.67210662 1.53534365 1.23099172
 1.37313783 1.85801089 1.7494818  1.47249782 1.3629142  1.46945786
 1.30611432 1.24846482 1.21139395 1.19376695 0.95277286 0.9435038
 1.10916936 1.18028712 1.29490042 0.96562034 0.87435478 1.08302867
 1.23663259 1.19975245 0.86075079 0.83208722 1.01831603 1.03721631
 0.91768485 0.7631405  0.70783794 0.73994154 0.72289675 0.81956142
 0.70237392 0.69056231 0.72797751 0.92351252 0.82169688 0.71422291
 0.70661759 0.84346443 0.69636726 0.74317747 0.86702323 0.97712141
 0.7907874  0.70609891 0.65706712 0.69672894 0.70648128 0.73031658
 0.76594192 0.92012364 0.69442225 0.62384802 0.68303275 0.72682762
 0.69915104 0.65342414 0.63269973 0.61974734 0.61857849 0.63448489
 0.71614152 0.65785944 0.67663586 0.5996576  0.603149   0.62357163
 0.65171224 0.66037565 0.77525061 0.61008972 0.60561478 0.70131409
 0.69696665 0.69377959 0.62035149 0.61027795 0.72990596 0.66126871
 0.68941194 0.62065101 0.64351726 0.62072945 0.58034128 0.67844278
 0.5688836  0.57219362 0.56719792 0.61259568 0.68319625 0.72131115
 0.60042202 0.59212506 0.54909968 0.60388684 0.58477902 0.6171034
 0.66714692 0.63917565 0.5806641  0.55507255 0.57515091 0.57607722
 0.53712839 0.56197512 0.57897455 0.67847127 0.68743324 0.6078164
 0.54051811 0.52757269 0.55348474 0.60262614 0.78705496 0.72928852
 0.58644915 0.55612677 0.53704494 0.54556024 0.60281837 0.5373171
 0.52158022 0.5484426  0.5831781  0.67876887 0.61902642 0.54569912
 0.52486616 0.53035349 0.56651652 0.57534319 0.5058741  0.53928077
 0.57462901 0.57113606 0.54086185 0.54860789 0.6129567  0.57988983
 0.51498717 0.53037655 0.50955915 0.62355369 0.57973677 0.51280141
 0.55659729 0.6218701  0.60730672 0.50121182 0.51692516 0.51338845
 0.53523171 0.57046604 0.57450384 0.54480356 0.53050524 0.53217196
 0.50402433 0.50341594 0.52676511 0.5092907  0.4994624  0.5164699
 0.50053269 0.4967894  0.48316216 0.52243972 0.51215506 0.516186
 0.50774932 0.53959048 0.47351202 0.51228821 0.50493658 0.48012772
 0.47566968 0.50442386 0.48647246 0.49656913 0.51530778 0.57210726
 0.50496608 0.521523   0.47835311 0.46919248 0.47362164 0.51143479
 0.53582519 0.54343432 0.47390404 0.4950664  0.49315903 0.54083121
 0.47477946 0.49185976 0.56135309 0.50190526 0.49194205 0.55530816
 0.51442933 0.53134537 0.48469493 0.514534   0.5082469  0.55290544
 0.5685721  0.53838396 0.47133711 0.50510412 0.55053133 0.47443339
 0.45924795 0.45633754 0.47191703 0.50198901 0.47902626 0.50324208
 0.46760908 0.46155718 0.45310426 0.51648569 0.5619716  0.45175192
 0.44991812 0.46184394 0.47297734 0.46918687 0.56079847 0.52376741
 0.46958309 0.46883148 0.46546367 0.44484189 0.44730455 0.43737778
 0.50082678 0.50452352 0.49407524 0.44701055 0.47494438 0.47605541
 0.46507421 0.4797     0.50985843 0.43156657 0.48145941 0.45735148
 0.43397164 0.48422557 0.56599021 0.66717899 0.54284817 0.48902988
 0.45170024 0.47284922 0.44243193 0.47426191 0.47653246 0.46481559
 0.44916224 0.4576956  0.45144799 0.44806498 0.45679018 0.46925512
 0.47630274 0.48747042 0.48528481 0.43860567 0.44643429 0.45066968
 0.49359316 0.48540917 0.55027556 0.47223037 0.44903389 0.4468146
 0.47783175 0.43251309 0.42619723 0.46351469 0.4917818  0.47879496
 0.54999501 0.45629248 0.44190294 0.45477074 0.46468559 0.45072943
 0.43447119 0.43347037 0.43404961 0.41518202 0.47855747 0.48031855
 0.44214883 0.4354037  0.54956621 0.51400089 0.43170172 0.43095899
 0.47145787 0.46332535 0.52168936 0.46581435 0.43408111 0.49852887
 0.50390261 0.45648131 0.44083428 0.44019616 0.41451535 0.4343127
 0.4427664  0.42482328 0.43006456 0.40417245 0.44282636 0.52619392
 0.43660253 0.42760006 0.41947407 0.42176151 0.43353832 0.52454287
 0.47866845 0.42240304 0.41054428 0.41223872 0.41689566 0.41842604
 0.41723609 0.41616568 0.44357905 0.42785865 0.43846622 0.41711152
 0.41461173 0.41457021 0.49869311 0.47866705 0.42961279 0.44054624
 0.43498144 0.43350497 0.42785582 0.43488467 0.43679297 0.46542159
 0.43346426 0.43369424 0.40641141 0.42115054 0.44512284 0.41915345
 0.41133052 0.41268477 0.52894133 0.73163122 0.45837188 0.43083706
 0.4542934  0.42480233 0.42071816 0.42508051 0.42844063 0.40129098
 0.42319244 0.49184448 0.41939229 0.40490311 0.43581113 0.43336093
 0.45372456 0.49151328 0.44312188 0.42148295 0.41079941 0.40492398
 0.43176872 0.41147232 0.44105679 0.41313475 0.42304945 0.41679156
 0.4406378  0.48999813 0.41543296 0.40088382 0.40670922 0.41246319
 0.40283605 0.38674107 0.40153039 0.39105368 0.42147788 0.42382729
 0.44547457 0.45748648 0.48443198 0.40958858 0.42588702 0.42373228
 0.40878794 0.39977133 0.45032299 0.40914312 0.400024   0.40888906
 0.41555226 0.41228017 0.45733804 0.44829091 0.41204932 0.39930937
 0.39459085 0.40947783 0.42561665 0.48145294 0.41917303 0.39372697
 0.40235692 0.39446703 0.41318458 0.39095971 0.4530251  0.50765789
 0.41332793 0.39488676 0.39262629 0.39193779 0.42511299 0.45437193
 0.41425729 0.42624766 0.41786987 0.42415753 0.44703642 0.42837945
 0.3972567  0.40699026 0.43038666 0.44042411 0.39191681 0.38179892
 0.42038345 0.39112437 0.39714506 0.39780676 0.44675538 0.40385124
 0.38007793 0.38647991 0.41624898 0.40296108 0.3982951  0.41313353
 0.40064064 0.39587727 0.39082873 0.39773095 0.51555687 0.46424562
 0.40012699 0.38140687 0.38151029 0.39167008 0.38580781 0.39649606
 0.40079501 0.46305811 0.46439117 0.40699604 0.40404034 0.41538432
 0.39466512 0.39091969]
E for  10 selected participants in random selection:   acc- 84.1400
loss:  [2.24251461 2.16069818 2.00108194 2.05065727 2.71704197 2.29723549
 2.28868818 2.27502775 2.25270438 2.22307491 2.18616629 2.11134863
 2.00739861 1.8307848  2.41109443 2.33498311 2.14431715 1.96254861
 1.9163723  1.95671797 2.27256465 2.02014685 1.80030584 1.92373908
 3.03212118 2.11022544 1.78298712 1.53560615 3.1765399  2.29947186
 2.24260116 2.18485665 2.12512183 2.00698328 1.88989568 1.85975778
 2.0785749  1.98384297 1.52727258 1.60017741 1.60511303 1.59703338
 1.24286306 1.16571546 1.49224973 1.51612949 1.17715287 0.97421378
 0.97595847 1.01778674 1.27496028 1.22468877 1.0048511  0.8721844
 0.85505295 0.93047786 1.00746143 0.83157098 0.80991429 0.81606716
 0.99831516 1.02883828 0.84040076 0.76996762 0.73364139 0.71501881
 0.75956529 0.76980931 0.71302611 0.73668247 0.72144485 0.76959026
 0.77905411 0.82472199 0.75010055 0.72547448 0.74118954 0.77569813
 0.73424709 0.77735889 0.68299407 0.69766486 0.72517186 0.7299642
 0.78310788 0.71451432 0.67983478 0.71023089 0.68327188 0.67143762
 0.66351968 0.66902995 0.66371477 0.64349729 0.63855612 0.66467559
 0.64449412 0.69678468 0.7596963  0.69905001 0.67213154 0.67723459
 0.75694424 0.65465122 0.6243549  0.69714218 0.66154367 0.70512366
 0.91716886 0.76685715 0.68733001 0.66664743 0.62322038 0.60233635
 0.63715798 0.63408035 0.69600254 0.68983388 0.71082288 0.67223161
 0.65725344 0.63916624 0.61697292 0.60050684 0.64101791 0.60749257
 0.62756902 0.6071434  0.61641419 0.62264395 0.56767374 0.56914985
 0.56442082 0.58718109 0.61802375 0.59457028 0.60561311 0.59425652
 0.65024382 0.59537971 0.5793618  0.57149959 0.58739036 0.57296467
 0.60922998 0.61165309 0.61583364 0.57955998 0.55981165 0.57457501
 0.57001787 0.56778961 0.57739246 0.66322225 0.64127278 0.61115032
 0.55800313 0.57219082 0.62609392 0.64760953 0.57070231 0.56648874
 0.54638308 0.54460102 0.53971589 0.54379237 0.54692221 0.65212154
 0.59079504 0.5330826  0.56697643 0.58667862 0.55121648 0.52051646
 0.52688277 0.61071235 0.61319178 0.64849222 0.55907071 0.59607524
 0.66920024 0.59452677 0.5520786  0.54331166 0.58675718 0.60700393
 0.54694235 0.5221557  0.52432209 0.53002107 0.52886564 0.60568947
 0.59019333 0.57224286 0.53798252 0.50780767 0.51395178 0.51576823
 0.54282331 0.57842058 0.5416491  0.51958954 0.56391913 0.54693502
 0.51937282 0.50811243 0.50325674 0.51058966 0.55289263 0.54776764
 0.5109446  0.5262984  0.68843067 0.61221015 0.55328017 0.56514657
 0.51026595 0.54931676 0.52611536 0.52283913 0.54743278 0.56710309
 0.51763487 0.50506526 0.51739216 0.54954314 0.51342714 0.53279871
 0.52540851 0.50122356 0.48857075 0.55715269 0.51642478 0.49261388
 0.49270019 0.49025279 0.51417559 0.6285966  0.64870191 0.52061927
 0.50151843 0.5000242  0.51090366 0.48676026 0.51307106 0.62457621
 0.55108607 0.49490577 0.49250165 0.52545625 0.47996494 0.51762491
 0.48339054 0.52237034 0.54526222 0.52837163 0.48896855 0.50818342
 0.52116883 0.48537162 0.54811066 0.5888359  0.56678331 0.47395381
 0.48966783 0.4978933  0.48565298 0.47691417 0.50630343 0.49483517
 0.47973868 0.52149749 0.56946218 0.48405668 0.46738529 0.46365747
 0.54632938 0.56158566 0.53257138 0.49939126 0.48884642 0.4667441
 0.47621456 0.53469384 0.485185   0.52867645 0.51912433 0.50330168
 0.47022733 0.46290973 0.48831016 0.50976229 0.5535953  0.53227997
 0.47898921 0.47235429 0.47214994 0.46434122 0.47977588 0.47552314
 0.48896    0.47689706 0.46530464 0.51241893 0.48392099 0.49377245
 0.51208806 0.45615104 0.44854477 0.45660362 0.45257178 0.51585132
 0.50216013 0.53935874 0.50275689 0.45574194 0.46243495 0.47129205
 0.48634991 0.52773619 0.50415379 0.49361861 0.46663433 0.50175369
 0.45443976 0.44147679 0.45241299 0.46599999 0.4556165  0.51490647
 0.55403274 0.5289036  0.45337051 0.45188156 0.46812701 0.45982477
 0.47879156 0.48306933 0.4775497  0.46855751 0.46683413 0.44551718
 0.51164359 0.4717786  0.47696826 0.52488697 0.45921645 0.44022647
 0.43554404 0.46892303 0.46390748 0.46662471 0.43948418 0.43614697
 0.44992149 0.46630639 0.51626533 0.50543928 0.48932329 0.45853776
 0.4556649  0.46745214 0.48156455 0.45421237 0.45490903 0.48573369
 0.4360227  0.47531757 0.44537669 0.4376663  0.44631752 0.45593378
 0.4418228  0.43437642 0.45968407 0.43301064 0.43843275 0.43248332
 0.4278892  0.49304    0.52165186 0.46715039 0.44385973 0.45954502
 0.49242941 0.44937187 0.456402   0.44299233 0.44131234 0.45721993
 0.46338975 0.44413722 0.45313197 0.51601672 0.44098085 0.43307695
 0.5169149  0.52936125 0.4388248  0.43284664 0.43192691 0.43581113
 0.43664572 0.44054914 0.42829737 0.46309149 0.47012275 0.49464533
 0.43680543 0.42858166 0.43379423 0.43657002 0.47218174 0.45824486
 0.42041299 0.42485234 0.42923695 0.41593063 0.40904889 0.42128056
 0.4427835  0.48078465 0.48026919 0.43092304 0.42437598 0.45481846
 0.44174296 0.46953085 0.42712694 0.428711   0.43134364 0.45153809
 0.54409248 0.43002573 0.40770006 0.4105919  0.44779834 0.42960316
 0.45113257 0.44039878 0.46985054 0.43448886 0.46737096 0.42124063
 0.43132079 0.43346524 0.43673891 0.4214268  0.48630831 0.46180049
 0.43643722 0.40927455 0.41413927 0.42292973 0.50440085 0.51298475
 0.44131032 0.44373968 0.41149664 0.42639038 0.42201889 0.4327434
 0.4179545  0.42949232 0.42770419 0.42930356 0.43073794 0.41759703
 0.40668839 0.4086906  0.41343951 0.41309395 0.42516392 0.42394662
 0.40531296 0.40579346 0.41878024 0.41159105 0.42325968 0.40347406
 0.43191466 0.49829102 0.47188252 0.42694005 0.40734839 0.40568852
 0.43414435 0.46268627 0.40943485 0.42774066 0.45688555 0.433929
 0.42635873 0.41487953 0.44808862 0.43584496 0.42025453 0.41652003
 0.40377086 0.4146339 ]
E for  12 selected participants in random selection:   acc- 85.0100
loss:  [2.24392056 2.18957949 2.06245685 2.11680603 2.45553565 2.2864573
 2.24813819 2.18120146 2.06779742 1.98438048 2.45132637 2.26212811
 2.22608066 2.05606318 1.8011812  1.74275708 3.78066015 2.83614635
 2.30670786 2.29922414 2.29106021 2.28226066 2.27191234 2.25515866
 2.22715712 2.18184423 2.11186147 2.03162169 1.89717066 1.94220591
 1.69674826 1.44508708 1.85960937 1.72988379 1.3704499  1.58519387
 1.62844741 1.32550752 1.24144995 1.28310561 1.01169598 0.92582619
 0.92902189 1.19090939 1.38889742 1.09451556 0.89793938 0.87304288
 0.8861661  1.06326449 0.91462988 0.79103225 0.83227015 1.01821411
 1.12200475 0.98052716 0.76841044 0.72476077 0.71073699 0.71428454
 0.78131324 0.83347791 0.86618876 0.85049152 0.74249011 0.82647324
 0.75457352 0.79245257 0.70390826 0.66649753 0.67783952 0.68002146
 0.65458333 0.69762772 0.79233557 0.70885974 0.62508422 0.62114996
 0.64167625 0.61524743 0.67908996 0.7564466  0.76019484 0.71395975
 0.63307291 0.60742748 0.64637208 0.71407348 0.65482849 0.63681203
 0.61941981 0.59139001 0.60519129 0.61461627 0.62657332 0.68512344
 0.70803118 0.62659132 0.58649248 0.5916996  0.69341111 0.6186139
 0.6237843  0.59416336 0.6214444  0.6275354  0.60213882 0.71151119
 0.74402112 0.63440138 0.60624021 0.59113067 0.6551106  0.58243775
 0.57918447 0.57622063 0.61664653 0.60817128 0.61034286 0.56456643
 0.53941596 0.53304046 0.57288659 0.59454846 0.7002269  0.78245854
 0.59467518 0.55012333 0.56619245 0.57731754 0.57364893 0.53343922
 0.53421891 0.52148074 0.56166065 0.57720822 0.57797933 0.55422175
 0.51237607 0.51925868 0.59519821 0.65449768 0.60188955 0.57510686
 0.58887136 0.54696131 0.53522718 0.53682798 0.5658735  0.54713619
 0.531376   0.55467767 0.53538108 0.54869843 0.56537014 0.51477766
 0.5133794  0.51510721 0.54956651 0.57043976 0.54756683 0.51628059
 0.52004659 0.51303756 0.50394553 0.5167793  0.53745496 0.52393454
 0.4956792  0.48585099 0.49545649 0.49240509 0.56490755 0.68941331
 0.54504055 0.48722383 0.49953014 0.48869833 0.51942259 0.54553276
 0.50630337 0.51566029 0.55291128 0.52262932 0.52753985 0.55588639
 0.49526104 0.48455918 0.4739646  0.46762398 0.49071196 0.51941812
 0.58273983 0.70918524 0.55327374 0.49683407 0.50594306 0.46785292
 0.48176187 0.50452971 0.48690689 0.49547505 0.54312998 0.61858004
 0.50507796 0.47539976 0.45692164 0.51253545 0.51940268 0.49041176
 0.49756318 0.46397516 0.47315785 0.49775425 0.46276832 0.4996042
 0.48652792 0.48593614 0.4818083  0.54517925 0.49130854 0.4729315
 0.55786115 0.57588166 0.52069265 0.4617705  0.46401542 0.45622471
 0.44067773 0.46837211 0.45800275 0.47887221 0.48605582 0.4814249
 0.4716683  0.49222416 0.50147557 0.47271064 0.45967427 0.45471171
 0.44508395 0.44487882 0.45482162 0.46609619 0.46431601 0.44416451
 0.4584963  0.44733965 0.4567979  0.43624189 0.45300424 0.47150683
 0.48552021 0.50754929 0.5565359  0.47106102 0.44910228 0.46265599
 0.47287983 0.44885299 0.45981529 0.44743624 0.42485669 0.44791022
 0.47085953 0.48274663 0.46418199 0.45365101 0.44417509 0.46062368
 0.48202452 0.44878447 0.42511997 0.42387679 0.4284831  0.43058041
 0.47235361 0.49243683 0.50683916 0.4621124  0.438236   0.43162534
 0.43214542 0.45930517 0.48670015 0.48952681 0.4691813  0.4314754
 0.4741438  0.44159374 0.4283545  0.41733414 0.43142149 0.48776802
 0.44666514 0.41894048 0.41109034 0.42850333 0.43482324 0.45817801
 0.43004987 0.46040922 0.43787399 0.44035062 0.46510044 0.44674599
 0.46004438 0.44712901 0.4274568  0.41645762 0.42233789 0.42748642
 0.43868706 0.40994117 0.41884726 0.50026947 0.57749832 0.52536798
 0.43693483 0.41484082 0.41604409 0.42706981 0.43168345 0.48058584
 0.46683955 0.427329   0.41436744 0.43173477 0.4138931  0.40534982
 0.41469067 0.40287808 0.41041318 0.40829253 0.42615712 0.45267648
 0.43147177 0.40988302 0.42357036 0.39809287 0.39826661 0.4165557
 0.45819551 0.4768773  0.42315465 0.42069474 0.42173412 0.41924068
 0.40019646 0.40908358 0.41972128 0.41523379 0.44775775 0.47375542
 0.45103061 0.39915964 0.40402639 0.41248578 0.41523969 0.40751022
 0.41456556 0.41190201 0.4256922  0.39624044 0.38902158 0.40707633
 0.4309957  0.3904056  0.40592724 0.41264898 0.44760615 0.55263829
 0.4737297  0.41000307 0.4102183  0.39657477 0.39542159 0.39155263
 0.3941229  0.39469886 0.39257804 0.39486295 0.43311855 0.42705142
 0.41396099 0.39630777 0.42350185 0.50681156 0.50229651 0.40518111
 0.3906076  0.38976642 0.40210214 0.40717712 0.41891831 0.3929517
 0.38969415 0.39933264 0.37819466 0.3826876  0.4040668  0.42106625
 0.44156161 0.44587255 0.38474995 0.37801644 0.38365769 0.39078102
 0.42953345 0.39017439 0.4046354  0.39036193 0.38424289 0.40650955
 0.41397843 0.44576642 0.40978804 0.38354003 0.38242042 0.38327274
 0.40648881 0.44274354 0.39200261 0.40427062 0.41805604 0.38726148
 0.37400904 0.39602613 0.37898886 0.38971987 0.39373383 0.41359112
 0.39978164 0.43753183 0.38699278 0.43133673 0.37545592 0.38224074
 0.41828379 0.39446726 0.37765771 0.44561866 0.41403985 0.38780576
 0.36913186 0.38462475 0.38388091 0.38101095 0.38427979 0.37884435
 0.40840614 0.39135671 0.38464952 0.40131396 0.3797321  0.37028012
 0.37587169 0.38033244 0.38447091 0.39247623 0.43397364 0.44104698
 0.39459097 0.39817926 0.38710216 0.37067953 0.39488086 0.39925799
 0.40087816 0.40138838 0.36947572 0.36629811 0.37315279 0.37016812
 0.38484037 0.49020299 0.45572647 0.41774616 0.37525678 0.37058157
 0.36936158 0.37544137 0.36526173 0.3700234  0.37335998 0.38233873
 0.36508104 0.42625844 0.39323595 0.365574   0.36371046 0.40645826
 0.40517452 0.42159483 0.4192248  0.36543968 0.37665749 0.38315785
 0.40868661 0.396817  ]
E for  14 selected participants in random selection:   acc- 85.2500
loss:  [2.24090147 2.15513682 2.06320333 2.1060667  2.34956145 2.25615335
 2.16452432 1.99943125 1.76456857 2.36242008 2.30825877 2.13630271
 1.93349338 1.72284806 1.70495546 1.96879292 1.98044145 1.70469201
 1.6984154  1.34336734 1.23145497 1.64410639 1.54649532 1.39725268
 1.32070065 1.31090367 1.1305424  1.05189359 1.83876622 1.56437862
 1.29292524 1.05975306 0.97228152 1.09240079 1.35606658 1.22126472
 0.93840921 0.88475722 0.89692742 0.91082102 1.0282855  0.88278544
 0.74269259 0.85379344 1.06670594 1.12915134 0.83462775 0.74704677
 0.79231894 0.8621375  0.96152341 0.80472744 0.74431467 0.68226933
 0.67379224 0.77320158 0.77923006 0.71673352 0.71802235 0.73654395
 0.71155828 0.67603838 0.71542078 0.7762112  0.66913533 0.93715906
 0.79023474 0.65135545 0.64748222 0.66995859 0.63225871 0.67474306
 0.67017901 0.76844162 0.66723633 0.650594   0.63603961 0.63684511
 0.65112793 0.72417641 0.67265975 0.65475291 0.79628742 0.62253261
 0.64043313 0.62137806 0.62957042 0.63439792 0.5878734  0.58024001
 0.58447254 0.61915952 0.63654691 0.74399036 0.64551359 0.6453076
 0.57127744 0.60571289 0.59078658 0.68829012 0.64002585 0.67263824
 0.59909958 0.63036138 0.61793482 0.64570516 0.6584717  0.66115665
 0.65231681 0.58731431 0.5643971  0.55340511 0.55961055 0.56465501
 0.61302322 0.63413638 0.57205629 0.53901243 0.54512036 0.58008975
 0.59282821 0.56456292 0.55295515 0.58425796 0.56464392 0.58524877
 0.68980265 0.5983237  0.59080017 0.56835139 0.55797732 0.5833115
 0.53393096 0.54225802 0.51523226 0.52320248 0.55232692 0.59926623
 0.560691   0.55747288 0.6102379  0.53029382 0.53259194 0.52643669
 0.57997298 0.63258457 0.54013509 0.58459294 0.55846316 0.53993493
 0.53921133 0.51504123 0.53252596 0.51878625 0.55127573 0.54000551
 0.53716487 0.5917806  0.59781659 0.49997026 0.56182778 0.65260255
 0.53050846 0.54417205 0.531385   0.53072864 0.54772586 0.53252298
 0.53191018 0.56554967 0.54012883 0.49340478 0.49970469 0.50958365
 0.50692266 0.54387683 0.57981658 0.52755964 0.49170527 0.50007945
 0.49838212 0.48048159 0.50565946 0.52483678 0.52860457 0.57121789
 0.50553328 0.48521456 0.48391753 0.4797048  0.49400592 0.47316954
 0.49184579 0.51918703 0.48020005 0.49919179 0.49959707 0.49867162
 0.49937558 0.50662208 0.47856525 0.50249016 0.63970226 0.69948781
 0.75811368 0.52590984 0.48602647 0.48521695 0.48480016 0.47569072
 0.49544278 0.54698771 0.66977131 0.53197056 0.49456307 0.48641706
 0.4733583  0.51646179 0.55374038 0.52509421 0.47637388 0.48375875
 0.49121138 0.48126137 0.49253595 0.50632912 0.49652398 0.46238932
 0.46591812 0.44496122 0.46812764 0.48719615 0.50507134 0.45500952
 0.45294493 0.51106507 1.11749089 0.90161163 0.70746082 0.62546891
 0.54787618 0.52554047 0.52823669 0.57452041 0.48230225 0.53036809
 0.55830973 0.49837226 0.4864836  0.45579669 0.45678809 0.46008277
 0.50572681 0.55624956 0.63559186 0.48864272 0.4878     0.45989257
 0.47557768 0.49200067 0.48026407 0.46696436 0.47694522 0.46749952
 0.45748833 0.45361456 0.45533097 0.52391559 0.56705886 0.45545131
 0.4430925  0.46926388 0.45222601 0.46509969 0.46404195 0.52390927
 0.45796987 0.45284933 0.43721977 0.44509116 0.43665004 0.46085489
 0.48216885 0.46685943 0.47639975 0.50042647 0.58538443 0.49051416
 0.43109146 0.44200099 0.45265079 0.46307626 0.44605142 0.43384808
 0.44352895 0.45956576 0.50269246 0.45224091 0.42454204 0.43797404
 0.45540416 0.48500776 0.43464789 0.41863906 0.42624345 0.4597396
 0.49284115 0.50238669 0.44491705 0.43715572 0.45871401 0.41754737
 0.43516263 0.49242544 0.47440946 0.45456567 0.42708129 0.44566309
 0.50000429 0.51420134 0.45181188 0.42793453 0.42334718 0.4156169
 0.41405675 0.41819829 0.43746495 0.47262979 0.43304238 0.4322058
 0.45743385 0.44628158 0.41660503 0.40901014 0.43324637 0.44033155
 0.43199286 0.46806788 0.4361631  0.42252758 0.43133375 0.45844716
 0.45084435 0.43989307 0.43407437 0.43447652 0.42282364 0.43618467
 0.40532881 0.45984268 0.50264692 0.44661468 0.41359547 0.40589553
 0.41631696 0.42832676 0.48811916 0.43911642 0.41557845 0.4153038
 0.41882929 0.40196344 0.40752876 0.45352066 0.42226249 0.42481989
 0.43413198 0.41690898 0.43671718 0.44938448 0.39336005 0.39561033
 0.39638627 0.395794   0.4621495  0.43162701 0.42639995 0.43112382
 0.46879598 0.44097745 0.46124396 0.4141849  0.39984691 0.40797549
 0.40367821 0.42048046 0.4152585  0.4024097  0.46278048 0.50261503
 0.49737704 0.49549341 0.43032265 0.40205216 0.39339668 0.39081147
 0.39027885 0.43319595 0.45170552 0.41189721 0.41204989 0.40633717
 0.40862519 0.45565411 0.42635453 0.42765889 0.47768667 0.41573793
 0.39619926 0.39913797 0.40015978 0.42092094 0.43013683 0.40855691
 0.40668517 0.41870728 0.48554352 0.43994629 0.42355958 0.40806517
 0.41058263 0.3885057  0.39183372 0.42526278 0.48121703 0.45090127
 0.41144249 0.40588549 0.39108282 0.39871135 0.39160386 0.40499213
 0.41114858 0.44996035 0.4547666  0.44927207 0.45278075 0.39392149
 0.38374755 0.38738629 0.38455257 0.43718082 0.44818252 0.40642831
 0.40515104 0.41082573 0.44631192 0.41072914 0.39704841 0.38691074
 0.37471813 0.38147885 0.39828497 0.38564861 0.39788789 0.40359837
 0.4029761  0.40985185 0.41240624 0.43060732 0.42990497 0.41550615
 0.41475692 0.39676785 0.38622758 0.4122102  0.39291775 0.38551211
 0.42204604 0.44607928 0.41574228 0.39317149 0.38680136 0.39950186
 0.3978914  0.43102387 0.40616    0.39184397 0.38196442 0.37370148
 0.37965465 0.42199945 0.42459726 0.40232879 0.38570693 0.37461632
 0.39564228 0.37651271 0.39691979 0.38387114 0.38643986 0.38684714
 0.39763209 0.37691021 0.41785195 0.44539925 0.47187388 0.42043027
 0.39619246 0.38634706]


E for  6 selected participants in random selection:   acc- 82.6200
loss:  [2.24722004 2.18477321 2.12932491 2.19064879 2.04151154 1.82200348
 2.48665714 2.26787996 2.21150398 2.09923267 1.9638387  2.83248353
 2.23327804 2.12919307 2.07287836 1.95550179 2.09779286 1.97327554
 1.57996655 1.62559485 2.15518665 2.25741529 2.10346937 1.77568638
 1.4733063  1.57076049 1.39218354 1.54799581 1.16759419 1.0437727
 1.71315503 1.73520172 1.59480894 1.86678398 1.2430352  1.01491702
 1.41916752 1.29542232 1.18824947 0.98669934 0.88613731 1.11496043
 1.30027103 1.04544914 0.86659646 0.8376618  0.92643738 1.23962629
 0.94617814 0.81101394 0.76849818 0.80820858 0.88867819 0.94881076
 0.86216122 0.79982853 0.71939045 0.71053553 0.77436477 0.72131968
 0.70542496 0.69896531 0.82531077 0.79467368 0.72466207 0.65777922
 0.74864459 0.93152511 0.75677776 0.68964607 0.70473796 0.68977928
 0.69402379 0.65240663 0.660981   0.68681091 0.73919523 0.80557561
 0.66471809 0.6223079  0.63607222 0.6779843  0.72173536 0.77504569
 0.6688385  0.66167516 0.62206858 0.62714946 0.6561712  0.61947668
 0.61346656 0.76175183 0.84311086 0.70818305 0.64415377 0.65832686
 0.63656342 0.70532376 0.68871045 0.69572842 0.61806673 0.60007405
 0.60485065 0.60603207 0.61186469 0.58303678 0.6079939  0.64936346
 0.67339361 0.86597967 0.64480221 0.59002668 0.58233273 0.59896636
 0.66566306 0.60273379 0.55929273 0.59138614 0.60742903 0.59492773
 0.63210297 0.59279501 0.65678287 0.73738235 0.58714592 0.55660367
 0.54683316 0.57402891 0.57618278 0.62250495 0.61381936 0.6144684
 0.57397503 0.59843248 0.56173992 0.58503968 0.67864698 0.64583743
 0.59642333 0.5696612  0.55202734 0.52886707 0.60945052 0.58629096
 0.65570313 0.62241894 0.61893088 0.57490176 0.53959036 0.5496524
 0.55960464 0.56355804 0.5542689  0.55598867 0.54956627 0.54212683
 0.57759213 0.60664439 0.56962478 0.53051746 0.57484531 0.53032875
 0.67180687 0.56628597 0.55373454 0.60255301 0.61829561 0.59429234
 0.5214408  0.52491206 0.5376817  0.54123342 0.5679307  0.55129695
 0.52596509 0.52695835 0.58135605 0.54953802 0.52825397 0.54039788
 0.53346115 0.51310188 0.5834052  0.60604846 0.5265283  0.53310657
 0.52479631 0.5083074  0.52096981 0.53910536 0.54088259 0.54716355
 0.49388614 0.57114834 0.54609138 0.52559191 0.54316163 0.51384187
 0.51886183 0.49900463 0.49763119 0.51623154 0.60879469 0.53848296
 0.52484155 0.5086146  0.48512363 0.50369996 0.54205054 0.63535571
 0.67974669 0.58136666 0.4960556  0.49993092 0.48944923 0.53038466
 0.53919566 0.512945   0.50917298 0.59023237 0.62624836 0.57115245
 0.52504015 0.5062778  0.49973008 0.51965433 0.49362671 0.498263
 0.49789757 0.47752056 0.48190743 0.50461411 0.46378863 0.4732796
 0.54149693 0.5503177  0.53085762 0.51975715 0.53651071 0.50693434
 0.49497989 0.50549006 0.49891913 0.48376128 0.50401038 0.52046567
 0.59248763 0.49130714 0.47793019 0.47481427 0.48880202 0.5128718
 0.50132644 0.48656464 0.46873125 0.47060758 0.47009644 0.48621961
 0.48269185 0.47191367 0.59156245 0.51336998 0.57797462 0.52325082
 0.51071823 0.47434863 0.45571885 0.46202558 0.45827985 0.51166773
 0.51784527 0.47620636 0.46819359 0.48454356 0.54110014 0.47809941
 0.52374023 0.4994311  0.57172    0.61374819 0.5342133  0.48226616
 0.49038121 0.45716634 0.4656691  0.47447032 0.49507621 0.45043829
 0.4591271  0.48133129 0.54807305 0.49024487 0.48866123 0.53362381
 0.50276858 0.48260093 0.50562358 0.51372159 0.44968805 0.4525336
 0.49996319 0.48821357 0.48133662 0.49911186 0.4516187  0.46349105
 0.47436163 0.46310729 0.45618615 0.45432186 0.50509059 0.55716902
 0.4882226  0.45605966 0.46368766 0.49260923 0.45061415 0.45382065
 0.47389701 0.4469918  0.47090161 0.47397548 0.50851142 0.49871612
 0.46422681 0.44690514 0.43905488 0.43529212 0.48887813 0.51532733
 0.487129   0.44716039 0.50144267 0.43631762 0.47779381 0.4422453
 0.44028553 0.44040668 0.47742394 0.46160889 0.43331528 0.46857744
 0.42839071 0.46220547 0.43706006 0.46936372 0.47599101 0.45563227
 0.47102055 0.47914952 0.43776083 0.43951923 0.42773682 0.44663531
 0.51877332 0.50307173 0.43620694 0.43502417 0.42882735 0.42832223
 0.413748   0.45289662 0.5306657  0.56950688 0.4769204  0.43720853
 0.43110234 0.4188894  0.42934892 0.4293395  0.42766747 0.43789911
 0.48478305 0.43955514 0.47550288 0.48359859 0.476477   0.43523911
 0.4204767  0.4485307  0.41817379 0.42276362 0.51421744 0.56299937
 0.46486664 0.45788312 0.42013335 0.43193886 0.4243046  0.4345018
 0.41830829 0.43667114 0.43800518 0.45728019 0.42176273 0.45252842
 0.41504267 0.43047062 0.43488038 0.50501633 0.42057982 0.43003023
 0.41946051 0.42604327 0.41586107 0.45072579 0.41005543 0.41311845
 0.42151728 0.4940027  0.49673188 0.4758794  0.43874273 0.44271514
 0.41182223 0.41213807 0.42750078 0.45563495 0.44117525 0.44459745
 0.4316538  0.40549687 0.42549911 0.42916533 0.51217866 0.46517599
 0.45429844 0.4418456  0.43467769 0.43530166 0.41551152 0.40890333
 0.41283673 0.42557022 0.47591344 0.45386064 0.41102719 0.44697514
 0.42799619 0.4608348  0.41138145 0.412815   0.41820195 0.4182418
 0.4128978  0.4537642  0.42645133 0.42682457 0.44010392 0.49517193
 0.41877794 0.40388465 0.46439064 0.42319179 0.44424513 0.47413731
 0.41123018 0.42125362 0.40378433 0.4217478  0.39797646 0.45322153
 0.43314418 0.40557316 0.3915171  0.39496738 0.41250572 0.42826602
 0.4056491  0.41346264 0.3993412  0.40917635 0.40571025 0.43613771
 0.4211897  0.47622421 0.4647958  0.39541015 0.43165225 0.40403834
 0.41476724 0.42061147 0.41328532 0.39828715 0.41453382 0.38939884
 0.44834056 0.41675791 0.38427651 0.43862197 0.38774389 0.39199421
 0.40439335 0.38307995 0.40452799 0.58827299 0.44144478 0.42571676
 0.46858311 0.44616216]
E for  8 selected participants in random selection:   acc- 83.0500
loss:  [2.24602413 2.15671563 2.15162706 2.21889424 2.13072801 1.99556506
 2.1941855  2.1758306  1.7843008  2.04496241 2.56423759 2.29544783
 2.2057507  2.06067252 1.91328359 3.12090921 2.30864286 2.26830792
 2.23439455 2.17672372 2.09097314 2.12898088 2.21598029 2.06449962
 1.81771481 1.88335025 1.85975897 2.01255536 1.87808108 1.52716672
 1.5672698  1.2245481  1.11184907 1.23890698 1.3643707  1.36927533
 1.02528501 0.90330911 0.95709288 1.04725254 0.97784197 0.9894551
 0.95245969 0.86146259 1.01177502 1.12074125 0.88796455 0.77164274
 0.86332512 1.2521311  1.08542871 0.76505101 0.71566814 0.75790787
 0.81183219 0.86070126 0.76798338 0.7027536  0.72168386 0.74903315
 0.75291777 0.67823184 0.6657306  0.69197273 0.84819871 0.82743514
 0.69708246 0.65947598 0.73282099 0.77307868 0.74460381 0.69769633
 0.62511188 0.66100878 0.7095353  0.70057827 0.63841218 0.63999557
 0.64328277 0.66421348 0.80344385 0.96956092 0.77922648 0.65003884
 0.68269056 0.67200899 0.6486541  0.68761516 0.64730996 0.6202969
 0.61407584 0.61251712 0.61479127 0.6158002  0.60227907 0.57207578
 0.61790198 0.61490351 0.57917178 0.64320874 0.63672274 0.60792655
 0.60517383 0.6242221  0.60025883 0.58595514 0.63599998 0.68445057
 0.57322782 0.59000695 0.63979387 0.63515222 0.64088601 0.67418909
 0.57968223 0.57203871 0.57596934 0.66200721 0.68051356 0.59356588
 0.55641282 0.56548458 0.56442451 0.56653267 0.56361258 0.56657177
 0.5567553  0.57932085 0.63797253 0.55272454 0.56203616 0.57439941
 0.5385955  0.54557598 0.63934094 0.63610715 0.55953002 0.54406059
 0.53986716 0.55599415 0.53859353 0.62873417 0.56633723 0.53512317
 0.54132771 0.54621887 0.55408633 0.52759856 0.51064163 0.52427042
 0.53939486 0.55641782 0.57638252 0.56111258 0.53407204 0.52997142
 0.51651633 0.53246361 0.52187777 0.54954934 0.64186144 0.60945678
 0.58165598 0.52417976 0.54246211 0.63639146 0.690579   0.5719611
 0.53911108 0.51034802 0.5457648  0.52296829 0.49108741 0.53734803
 0.52530307 0.53860718 0.51603496 0.51368874 0.53295702 0.48863482
 0.51180005 0.53277093 0.51472014 0.55185795 0.64174223 0.57729471
 0.54006237 0.51818055 0.51871985 0.50849837 0.48865631 0.49935284
 0.50575441 0.49767017 0.50177538 0.52700156 0.50200027 0.51857996
 0.49556005 0.50046533 0.63067412 0.71809119 0.63684165 0.5442884
 0.52013791 0.49836299 0.4989419  0.53138471 0.51413769 0.49559575
 0.52312839 0.50935221 0.48568189 0.57510388 0.50207347 0.50087178
 0.54534668 0.54367185 0.53446329 0.50141513 0.49458134 0.53723502
 0.49104428 0.49348888 0.49289775 0.53927749 0.50361717 0.53436905
 0.48403424 0.48642334 0.48327988 0.47955424 0.49287754 0.53620899
 0.50640523 0.49026254 0.51752275 0.57221949 0.50320101 0.49802002
 0.47421908 0.46436012 0.4838959  0.49997631 0.47136796 0.4861227
 0.59014469 0.56290287 0.52262443 0.49207354 0.46247691 0.48482823
 0.49885264 0.45928353 0.49708813 0.45300508 0.5250265  0.52197683
 0.5106138  0.46544394 0.46682578 0.45296299 0.46501538 0.4746103
 0.51245499 0.52044964 0.54671955 0.50357693 0.46816227 0.4582772
 0.46499303 0.46588939 0.45736074 0.4824537  0.45068175 0.48419932
 0.50723875 0.46444303 0.4641712  0.64192301 0.58574778 0.48389086
 0.44346261 0.4676148  0.47745961 0.45182496 0.46002436 0.48740777
 0.51608318 0.47873101 0.43980333 0.46680468 0.50353754 0.4647125
 0.46482638 0.49403203 0.45854154 0.45097652 0.44302401 0.45898604
 0.4469915  0.52712727 0.4997434  0.45247731 0.43395153 0.48180309
 0.44767743 0.47663745 0.44761392 0.45373473 0.44057301 0.46600971
 0.47107652 0.48148754 0.45902616 0.45886749 0.45665088 0.42566153
 0.45178252 0.51982814 0.49528173 0.43902582 0.42183095 0.43962553
 0.44932845 0.43854854 0.4470084  0.43850601 0.4461152  0.44051474
 0.52296048 0.50755191 0.45188898 0.45077217 0.44227973 0.43990001
 0.46445757 0.52051175 0.64037389 0.49663335 0.45998073 0.45949721
 0.4568961  0.4444373  0.44495946 0.45759898 0.429993   0.43230534
 0.45231372 0.44683033 0.44899908 0.44443417 0.44320983 0.46176353
 0.48929393 0.43589911 0.43176523 0.44105947 0.43143916 0.45120019
 0.44368824 0.45106885 0.41640776 0.42276084 0.44964606 0.48070151
 0.50495368 0.44991115 0.44100654 0.43988702 0.46434683 0.44918486
 0.47318646 0.45172042 0.42478853 0.44816953 0.45103434 0.42449677
 0.43262324 0.41697115 0.4246287  0.45472538 0.46370474 0.43798867
 0.44122672 0.44297475 0.41931674 0.42618042 0.4273538  0.43208876
 0.4419477  0.44269913 0.47062731 0.46249154 0.441771   0.42271078
 0.41553456 0.40916517 0.42728209 0.42705765 0.46403942 0.40988135
 0.41228867 0.51232499 0.51020873 0.43989956 0.42020786 0.40680414
 0.41419545 0.41208315 0.41875923 0.42609093 0.41965318 0.42518115
 0.41718614 0.41098267 0.39988527 0.41190922 0.48748139 0.48217261
 0.43694684 0.4378314  0.42312926 0.48054707 0.40794989 0.4103626
 0.42816076 0.4170956  0.40174288 0.4187896  0.43391919 0.40117741
 0.43268594 0.44483468 0.44811079 0.43802598 0.41104609 0.39816377
 0.42362928 0.43585831 0.43951812 0.41055521 0.4238002  0.38705492
 0.41646528 0.45173404 0.41644058 0.3978605  0.41362345 0.39545825
 0.40173492 0.4092257  0.46757081 0.48918989 0.3930541  0.400767
 0.40087828 0.42457852 0.57101876 0.47265005 0.45352745 0.40927175
 0.41296807 0.42259344 0.45341387 0.41014713 0.41378585 0.45617953
 0.42558444 0.38735875 0.40011063 0.40630773 0.43410087 0.41043526
 0.38404715 0.39916584 0.44396046 0.41198212 0.41968265 0.42896509
 0.39345267 0.40675911 0.40399149 0.40653643 0.40029684 0.41340059
 0.44143334 0.42605391 0.38897809 0.43585005 0.37910071 0.39909211
 0.41335654 0.39270553 0.38802913 0.43375343 0.42936605 0.40211558
 0.39689526 0.43319488]
E for  10 selected participants in random selection:   acc- 84.8000
loss:  [2.24066544 2.17504239 2.04009104 2.38749361 2.22193217 2.13292313
 1.86483359 2.08836555 2.24805284 2.14022493 1.91476405 1.79753613
 1.76024961 2.54869723 2.25607824 2.09141064 1.85544741 1.89068031
 2.4034822  1.99837053 1.80808091 2.14165354 1.88961685 1.55451119
 1.53814375 1.64716935 2.03632331 1.95912814 1.35536003 1.13450062
 1.47951674 1.26001096 1.20923293 1.28463161 1.13521409 0.94711047
 1.30667281 1.54362226 1.26962841 0.96998525 1.0264504  1.26945829
 1.06521261 0.85034895 0.84918737 1.19951236 1.05724907 0.82416272
 0.82452255 1.03295708 0.8899622  0.82706934 0.84488302 0.94782293
 0.8621031  0.8009041  0.74572766 0.83779895 0.93322355 0.80663538
 0.83551741 0.72019523 0.76060051 0.74656093 0.78678954 0.71321917
 0.67636329 0.68560344 0.69556791 0.82251853 1.00950038 1.20117688
 0.74988669 0.69427866 0.72913176 0.74155217 0.67537773 0.67818582
 0.67653668 0.79913831 0.67150968 0.68622816 0.67996615 0.64733922
 0.65364486 0.72967577 0.67032725 0.74902451 0.6561867  0.61618763
 0.62081224 0.62855929 0.62350655 0.65598744 0.63091636 0.62345576
 0.69280583 0.63914496 0.76868075 0.83276778 0.68271786 0.62804651
 0.60790777 0.59297812 0.60924411 0.70937127 0.71692878 0.7108264
 0.60656267 0.58589435 0.57507592 0.61022103 0.68683523 0.63837731
 0.60868335 0.58233792 0.56755203 0.59168738 0.64391094 0.58346963
 0.61457008 0.61133206 0.65275317 0.57405818 0.54711932 0.57593775
 0.68233293 0.66370696 0.73869807 0.5726831  0.56180614 0.55672258
 0.54788512 0.57796872 0.61703497 0.62895715 0.56303459 0.55618894
 0.56436116 0.5889833  0.55420882 0.57040155 0.5785532  0.58092642
 0.55185068 0.56145906 0.54139555 0.56612009 0.60456204 0.68869406
 0.64100546 0.54939681 0.58134013 0.56019038 0.54699606 0.54988343
 0.54460102 0.58909428 0.62281448 0.55697715 0.52012664 0.53500026
 0.54705632 0.53650963 0.54874092 0.56258059 0.52858835 0.54649889
 0.52763462 0.54387802 0.56842786 0.56952363 0.59012669 0.58329529
 0.55422443 0.52321106 0.51734996 0.53616619 0.52184331 0.52531618
 0.57524592 0.5981344  0.55642718 0.51130164 0.52214235 0.54607874
 0.50353938 0.50665051 0.50729477 0.52887976 0.54993838 0.52618808
 0.528781   0.52413309 0.53613102 0.50644273 0.51082748 0.49001297
 0.51398826 0.53217405 0.61425698 0.54020834 0.50550437 0.51166111
 0.54841995 0.51922655 0.51554942 0.5118531  0.49470484 0.49056256
 0.50792783 0.53995848 0.5543853  0.53463084 0.51657838 0.52777827
 0.53628784 0.57681137 0.56170481 0.48579586 0.5123015  0.53454012
 0.51138574 0.51552886 0.54106659 0.50480431 0.4842225  0.48662612
 0.49562314 0.50007951 0.50795251 0.4970209  0.51472485 0.48360816
 0.54631317 0.51708996 0.4767414  0.48461172 0.47264785 0.50862288
 0.58077097 0.66264492 0.53002334 0.49397597 0.49445811 0.48677525
 0.48928052 0.48822948 0.47690758 0.47467667 0.47218829 0.48526084
 0.50253391 0.54058933 0.49673104 0.48358974 0.46238896 0.4813903
 0.46543321 0.4900142  0.48181435 0.54523021 0.57539397 0.49829
 0.46734419 0.46125689 0.48872113 0.51386267 0.46988451 0.4570269
 0.46229899 0.454227   0.47404552 0.51112694 0.46285912 0.46123424
 0.47496495 0.48044625 0.50031316 0.55090714 0.47326991 0.45772085
 0.4694871  0.48949102 0.50632739 0.53150862 0.46234301 0.48752046
 0.48620033 0.46479616 0.50128967 0.48736376 0.46569657 0.48815405
 0.47043136 0.44769835 0.51146156 0.48122555 0.4562     0.53933001
 0.45672816 0.4634648  0.47239247 0.44624409 0.45134526 0.45267367
 0.46816376 0.47103456 0.49420214 0.56351334 0.46455601 0.44860196
 0.47148481 0.49866349 0.45068261 0.46035606 0.47487828 0.48149005
 0.47044131 0.45072788 0.45224372 0.46156085 0.4423148  0.43060377
 0.44652891 0.4547441  0.46093544 0.44963351 0.4739103  0.42920616
 0.43889707 0.43604702 0.44409737 0.44132191 0.45556968 0.4488622
 0.48199537 0.46676069 0.47564659 0.43459937 0.45413393 0.47139928
 0.47922382 0.49039024 0.42541876 0.45951748 0.50593162 0.46760571
 0.44572982 0.42479506 0.45258388 0.46635059 0.44974282 0.52024412
 0.4551765  0.44149733 0.43396714 0.45669535 0.43156129 0.50447506
 0.47693643 0.42863348 0.42580107 0.43642339 0.441181   0.42618808
 0.41921461 0.42842329 0.45131385 0.48845235 0.52275002 0.43842033
 0.41946319 0.41045371 0.42022079 0.46699736 0.46069941 0.45051351
 0.43215132 0.42033932 0.42544931 0.46124154 0.46739987 0.46189433
 0.44018227 0.43354332 0.47298324 0.43922514 0.43403643 0.42992422
 0.42615405 0.46981591 0.4498288  0.43686455 0.4294591  0.42390791
 0.40381181 0.41608369 0.44064674 0.44359359 0.46786553 0.42686498
 0.42317748 0.42436805 0.41856191 0.45407012 0.51272649 0.51079029
 0.49617916 0.43390635 0.41388068 0.43404302 0.4440167  0.48221305
 0.45741618 0.43013006 0.4430019  0.42125151 0.40523449 0.41616002
 0.40565646 0.42969698 0.42816314 0.42017579 0.44220752 0.46259794
 0.43666607 0.4220871  0.42970791 0.437365   0.41580087 0.42326266
 0.40939817 0.41602597 0.42013112 0.43175375 0.41534355 0.41697636
 0.40900663 0.42169306 0.5048508  0.47873574 0.41591752 0.40347472
 0.39737701 0.40377116 0.42754039 0.445759   0.4356935  0.45863432
 0.42732325 0.42796016 0.44072753 0.43086573 0.44655943 0.43086714
 0.41745976 0.43458065 0.41658705 0.42428583 0.40797216 0.42791328
 0.45733896 0.4655399  0.44382691 0.4097088  0.41214132 0.41344664
 0.42675942 0.43304154 0.42455512 0.40088299 0.39850396 0.39543065
 0.43379346 0.41846621 0.42868546 0.42985263 0.42927784 0.41774023
 0.40347898 0.41636661 0.40545925 0.39030379 0.39528301 0.39273646
 0.3967714  0.38251778 0.38233304 0.40052965 0.43442002 0.48733893
 0.43340582 0.41074732 0.3996622  0.40539423 0.45811743 0.41315538
 0.39386547 0.40366799]
E for  12 selected participants in random selection:   acc- 85.0100
loss:  [2.24151373 2.16405034 2.01013923 2.33366776 2.33652139 2.28216076
 2.24169517 2.1703074  2.07206488 1.93962836 2.1436336  2.13273978
 2.13439083 1.8261416  1.54417729 1.92113221 1.79237652 1.40635455
 1.29536402 2.08468056 2.03100657 1.55452192 1.3011899  1.37971497
 1.37976944 1.64044821 1.28595555 0.89705342 0.98459524 1.24264348
 1.28635097 1.16636348 0.90638566 0.87954855 1.74646568 1.20996439
 0.87253958 0.83803028 0.97545272 1.22027767 0.99444997 0.86399198
 0.75168908 0.80421144 0.86050576 0.92128503 0.77894241 0.70037878
 0.71085107 0.69077152 0.7849254  1.09364712 0.86559922 0.72301233
 0.71597087 0.76450032 0.89517492 0.78026921 0.6691581  0.66183567
 0.67257136 0.72622389 0.78856206 0.74463236 0.65810072 0.63962263
 0.67699856 0.6872651  0.71126932 0.69715887 0.64835507 0.67221701
 0.65220016 0.71434301 0.85651779 0.65666437 0.6439445  0.6419121
 0.66792512 0.69816911 0.70861983 0.62293214 0.59143996 0.59432042
 0.62311602 0.6758045  0.65779293 0.65937829 0.58418995 0.59473652
 0.61913431 0.62662965 0.61715204 0.63023025 0.60194856 0.63492829
 0.68706608 0.59903967 0.59828699 0.59324932 0.57015073 0.57051593
 0.58659512 0.65694404 0.61596763 0.618303   0.61761492 0.6539681
 0.73278773 0.59711117 0.58041698 0.60728151 0.61286271 0.61931354
 0.58369899 0.58089983 0.61789811 0.60465056 0.63383681 0.56869912
 0.55168962 0.59428042 0.59065455 0.59922576 0.65328896 0.59143364
 0.58876306 0.57509691 0.58643645 0.69030285 0.6096279  0.55443299
 0.5560708  0.59035826 0.58798009 0.5904175  0.58206463 0.60131586
 0.54338723 0.53811157 0.53414822 0.52639377 0.5966925  0.64455271
 0.5406943  0.53340471 0.54174566 0.55436122 0.53343284 0.57470852
 0.585693   0.55223787 0.52877152 0.56954461 0.52755958 0.52389377
 0.59423733 0.60820156 0.55311    0.53241962 0.54639632 0.52490789
 0.50872737 0.51115501 0.52582484 0.49443832 0.53586489 0.56373864
 0.57398468 0.5491789  0.59903491 0.52103108 0.57267094 0.63089269
 0.55777365 0.50716108 0.50379443 0.50883418 0.57633573 0.55806315
 0.50531638 0.53519267 0.55307639 0.53614724 0.50404072 0.50323802
 0.51363987 0.49086088 0.57914245 0.60081708 0.53958029 0.53325814
 0.49559399 0.56264919 0.55419123 0.52103031 0.48464453 0.49240771
 0.49279791 0.49504605 0.54155648 0.55264515 0.50202692 0.4821628
 0.49168599 0.48650602 0.4823705  0.4734621  0.48444453 0.53015059
 0.51052731 0.4843629  0.50633651 0.55212116 0.55139685 0.49413022
 0.51573718 0.49909019 0.48307443 0.48380092 0.4927142  0.5697093
 0.58259612 0.51720268 0.53011411 0.56142253 0.51953912 0.50977838
 0.52839011 0.46903804 0.47670582 0.46142569 0.46221152 0.46344581
 0.45269677 0.53196794 0.65337586 0.53482288 0.47152013 0.46718475
 0.47077203 0.46140131 0.4618161  0.4577848  0.44330621 0.47077817
 0.56884146 0.52866858 0.55293638 0.60692871 0.49258393 0.46749386
 0.46633726 0.45392373 0.48997745 0.56575823 0.48406607 0.45296559
 0.44721469 0.45359376 0.46729952 0.49586412 0.47364298 0.45759156
 0.47474667 0.54473078 0.47727808 0.47622687 0.47429532 0.47753763
 0.45737949 0.47625864 0.49260685 0.46749708 0.47573751 0.47647378
 0.50653839 0.56041336 0.46485636 0.45376953 0.44561103 0.45512885
 0.43836859 0.44040301 0.43028501 0.53108609 0.52377039 0.47626391
 0.44851798 0.42935756 0.43203574 0.46033531 0.44987953 0.4754765
 0.52123982 0.56852692 0.47667518 0.44651976 0.42480126 0.44918531
 0.4204444  0.42153028 0.46036953 0.42928603 0.44568649 0.47882599
 0.41753024 0.43071207 0.4837732  0.47562945 0.44170231 0.46899688
 0.48541757 0.57245839 0.51678663 0.48390713 0.45700738 0.43761259
 0.43964428 0.42859596 0.42473394 0.43810865 0.54110682 0.44044995
 0.43427715 0.46243852 0.45390409 0.45834559 0.47954091 0.42507407
 0.45941246 0.43721831 0.41865161 0.46069556 0.4281939  0.41486752
 0.4443202  0.45725045 0.43517378 0.42927212 0.42008615 0.42127606
 0.46793783 0.43186226 0.44581744 0.43228632 0.46315303 0.48202476
 0.43352199 0.4100982  0.43129957 0.43811607 0.45409313 0.41466466
 0.41713393 0.43932939 0.47094429 0.48073998 0.43837145 0.41307431
 0.42359513 0.40778741 0.42800009 0.42723042 0.42878819 0.40975362
 0.41849527 0.41742647 0.41819316 0.44939896 0.40230688 0.47239628
 0.42446724 0.4058356  0.3988474  0.45882207 0.52219915 0.43469447
 0.41110951 0.41181782 0.4066509  0.40652287 0.40431476 0.40460232
 0.41173238 0.42591333 0.40480196 0.41715968 0.41478705 0.40714496
 0.42935327 0.40851572 0.42545626 0.41616997 0.40071371 0.43650347
 0.50082904 0.43916357 0.41541576 0.44338486 0.44742787 0.40032038
 0.44114849 0.44542715 0.39992818 0.43664145 0.43219852 0.41483915
 0.39539999 0.38835895 0.39927992 0.41373658 0.42533007 0.39052191
 0.40032884 0.43120581 0.38851085 0.38081786 0.3846744  0.42370614
 0.40212411 0.41753691 0.43529239 0.42849982 0.44682544 0.42887926
 0.40813288 0.420596   0.3999024  0.37866184 0.38372162 0.38046792
 0.40159863 0.39721772 0.40177685 0.41310453 0.41948149 0.45355082
 0.44024277 0.39376622 0.3850497  0.38633353 0.39443615 0.43353599
 0.40525177 0.38757753 0.39584729 0.41937432 0.40355238 0.41842172
 0.38734853 0.38425189 0.40140301 0.38544428 0.39708403 0.39854079
 0.38303307 0.40442705 0.38331664 0.40769726 0.41337314 0.39388585
 0.42876768 0.40752548 0.41695946 0.39182222 0.39860204 0.42081773
 0.39541698 0.41375571 0.3786104  0.43624595 0.41277125 0.40402061
 0.40697005 0.38254184 0.40087792 0.4140901  0.39151898 0.39391083
 0.41258833 0.41073042 0.39900914 0.39960214 0.38886237 0.37794754
 0.38821161 0.40926746 0.42166618 0.42464107 0.38892502 0.39264074
 0.40019354 0.38673469 0.37912318 0.37517715 0.38505527 0.43275976
 0.45918003 0.39600113]
E for  14 selected participants in random selection:   acc- 84.3000
loss:  [2.2368207  2.16290498 2.04989219 2.31286454 2.37049127 2.28008914
 2.20647073 2.08093095 1.84818959 2.52212667 2.39306879 2.29070473
 2.2693193  2.24801302 2.22121739 2.18620181 2.12015557 2.10431218
 2.14896607 1.89770377 1.87250805 2.25245357 2.17433619 1.96020138
 1.66621029 1.53441072 3.39222741 2.17481661 1.95284438 1.70835805
 1.60447359 1.9294281  1.76141798 1.29826355 1.16891909 2.14356542
 2.00075436 1.6837002  1.45446086 1.31448448 1.64528072 1.23441625
 1.01281452 1.52356744 1.78931916 1.45486248 1.23690689 1.12302935
 0.98134708 0.94714266 1.28545201 1.38121045 1.19992471 0.95130789
 0.85644192 0.78773177 0.83389395 0.88708144 0.80374467 0.75510848
 0.73761648 0.78750217 0.77582389 0.71574265 0.73813844 0.85743928
 0.86270118 0.83521712 0.79049683 0.68919724 0.68704796 0.70737064
 0.73430014 0.67858988 0.67280006 0.72940403 0.71967894 0.90264231
 0.73951477 0.67641699 0.65071154 0.64748502 0.62910992 0.68653917
 0.75335652 0.86961728 0.76721233 0.67527622 0.62379348 0.72770071
 0.71932721 0.66650587 0.62740761 0.61277646 0.61778599 0.62295169
 0.63618904 0.60367161 0.63995087 0.69084108 0.66568124 0.64156973
 0.6027655  0.65092295 0.64205486 0.68130523 0.66516912 0.59436345
 0.58455783 0.5677349  0.60125965 0.57230538 0.57962859 0.6129126
 0.7297349  0.7474795  0.68824756 0.57919294 0.56394851 0.57441676
 0.59533453 0.62681937 0.5894829  0.56810296 0.59349424 0.57168269
 0.62832105 0.58247942 0.55049568 0.53773367 0.5682106  0.57807916
 0.60159832 0.55723864 0.60916293 0.61240292 0.58352029 0.54371554
 0.56496316 0.55754411 0.55193996 0.61388308 0.6155529  0.63177663
 0.55159372 0.52938396 0.54547459 0.52878529 0.5197283  0.5275107
 0.51898879 0.5180257  0.5364027  0.53715903 0.55478483 0.58557779
 0.62346476 0.56129265 0.52656096 0.55202579 0.54198855 0.5343712
 0.54934293 0.5954169  0.53238034 0.50691229 0.51026917 0.51917326
 0.62094611 0.64906394 0.62152869 0.54363155 0.52037376 0.51068509
 0.50067747 0.50412214 0.53559828 0.53925407 0.50913256 0.50696003
 0.53088748 0.57441139 0.52172327 0.53655612 0.53373152 0.55559504
 0.50579625 0.53110331 0.52765799 0.5172534  0.5154866  0.51251775
 0.49699098 0.53856218 0.51023835 0.51996446 0.49077955 0.49197564
 0.49919111 0.49837965 0.5092048  0.51660526 0.50715369 0.50902337
 0.4935953  0.52161658 0.52301848 0.49319687 0.57461703 0.50328749
 0.47768915 0.48274732 0.47804469 0.49080464 0.50382459 0.54253811
 0.49801934 0.54372233 0.51016372 0.47686288 0.49610454 0.51327324
 0.53493166 0.59648705 0.5490455  0.47566244 0.46309102 0.52936721
 0.49365464 0.47794935 0.50023377 0.49337515 0.48262241 0.53524661
 0.50743371 0.48596987 0.48069239 0.49445131 0.47194862 0.48217145
 0.52860242 0.53074235 0.46255609 0.47313574 0.51876003 0.51431185
 0.47923061 0.47210395 0.48436406 0.46427816 0.48463023 0.46702611
 0.51276469 0.48036221 0.47981474 0.47130904 0.47599146 0.45840859
 0.4510338  0.47254261 0.46869257 0.46024844 0.48895866 0.48785934
 0.49407926 0.54293674 0.56004018 0.47342613 0.45155659 0.46281651
 0.4890855  0.50151557 0.52982742 0.50236863 0.45085064 0.45661122
 0.44547388 0.45379615 0.43932974 0.47606152 0.54233778 0.47581264
 0.4477132  0.46465126 0.45347455 0.45368883 0.44248861 0.47453657
 0.47812057 0.46043608 0.45495123 0.4414174  0.46583295 0.48526445
 0.4419775  0.45488027 0.4459143  0.4524481  0.44486156 0.47826466
 0.47861323 0.51546705 0.45672885 0.44322872 0.43113998 0.4343662
 0.42790526 0.48191303 0.57690066 0.47155848 0.4347209  0.45628551
 0.4335103  0.42451105 0.44466537 0.44903427 0.47555411 0.43247607
 0.43475944 0.42269892 0.43119669 0.4708986  0.44521978 0.41709122
 0.46846548 0.4592599  0.45284042 0.4479498  0.46106172 0.47259879
 0.46979991 0.47256786 0.4260326  0.42480326 0.4230395  0.45099413
 0.45749834 0.45443526 0.43820947 0.43483195 0.42414263 0.43851987
 0.46235317 0.479877   0.44375587 0.43045694 0.45535699 0.46155682
 0.41319555 0.45381695 0.49799564 0.52709866 0.43233979 0.41810262
 0.43535024 0.4392291  0.42192808 0.43039399 0.44696748 0.48453701
 0.4927589  0.47150171 0.42979649 0.41240248 0.43341315 0.44663981
 0.44801068 0.42485234 0.43711239 0.44392055 0.40982413 0.42365575
 0.4220311  0.41283834 0.44264692 0.41889673 0.44012406 0.43833983
 0.43090665 0.43701798 0.46972734 0.4680503  0.44094774 0.41321874
 0.40936947 0.41001865 0.41287965 0.42735723 0.40579513 0.46241465
 0.57789803 0.50662929 0.43468314 0.42263246 0.41907176 0.41934517
 0.41411221 0.40662894 0.42362681 0.43166772 0.44098797 0.42605498
 0.40037665 0.40307796 0.40619564 0.41650069 0.41194332 0.42957413
 0.48799708 0.49495152 0.41440845 0.39312443 0.40853885 0.41528985
 0.43038291 0.40660587 0.4062573  0.3966718  0.42820483 0.43665448
 0.41284546 0.40561399 0.41670421 0.42563716 0.40370482 0.42113706
 0.41235679 0.43590006 0.4387143  0.42598578 0.42386025 0.41376212
 0.39495695 0.39664295 0.40157425 0.46693149 0.57025111 0.49142495
 0.43028685 0.40482885 0.42007133 0.41024712 0.42474571 0.39756742
 0.40088135 0.3979004  0.43288261 0.44791162 0.4904902  0.44087622
 0.43619946 0.40372086 0.40103087 0.39589989 0.40028617 0.39654025
 0.39876065 0.40305868 0.38756385 0.3885029  0.42700219 0.41496688
 0.44114903 0.42804497 0.39253378 0.40138736 0.40706065 0.39874882
 0.40281549 0.40343478 0.45835918 0.43758917 0.4313184  0.41016576
 0.40052274 0.40925613 0.46145663 0.40105435 0.40123406 0.41149536
 0.3949444  0.42550156 0.39336005 0.40677336 0.42408344 0.41857383
 0.39516291 0.38931558 0.3984718  0.39598292 0.38907218 0.38787174
 0.40991288 0.39856485 0.38477054 0.42269078 0.41189662 0.40309149
 0.40796849 0.41103375]


E for  12 selected participants in random selection:   acc- 10.0000
loss:  [ 2.22715664  2.13913584  2.16285133  2.3156538   2.21218657  2.05890965
  1.82987475  1.91478324  3.37344146  2.3106091   2.27558017  2.2326653
  2.17477322  2.4060626   2.27116561  2.19011045  2.093853    2.37011361
  2.2993331   2.24592495  1.9744494   1.68915176  1.90074956  3.54700279
  2.30722547  2.29415178  2.2865715   2.2775991   2.26638269  2.24996018
  2.22538257  2.18790054  2.13298512  2.0736239   1.92273533  1.93744254
  1.85801077  2.19432712  1.91332483  1.57368481  1.38795257  3.17603779
 14.01869678  2.361408    2.31905007  2.31272197  2.3119967   2.31102586
  2.31007671  2.30961013  2.30932236  2.30903339  2.30858278  2.30804729
  2.30749941  2.30718446  2.30642295  2.30575895  2.30551195  2.30528736
  2.30493474  2.30468655  2.30452657  2.30456996  2.3046484   2.30434012
  2.30449462  2.30450702  2.3046391   2.30428958  2.30424118  2.30420494
  2.30426502  2.30432296  2.30409694  2.30373144  2.30363965  2.30367899
  2.30373645  2.30377913  2.30363894  2.30370188  2.30354857  2.30339265
  2.30333209  2.30325675  2.30328131  2.30318975  2.30313897  2.3033309
  2.30329847  2.30331826  2.30329299  2.30312419  2.30311155  2.30306935
  2.30306768  2.30308461  2.30317163  2.30331445  2.30333662  2.30333495
  2.303298    2.3032639   2.30315304  2.30314016  2.30309701  2.30302644
  2.30307078  2.30315089  2.30307126  2.30305171  2.30289435  2.3027966
  2.30278802  2.30284429  2.30283308  2.30281901  2.30282235  2.30278039
  2.30281901  2.30269337  2.30268884  2.30271006  2.30269289  2.30273271
  2.30273318  2.30274034  2.30271363  2.3026619   2.30272079  2.30277705
  2.30281591  2.30293202  2.30291867  2.302953    2.30293965  2.302881
  2.30283976  2.3027935   2.30279326  2.30282402  2.30289674  2.30283451
  2.30290842  2.30294919  2.30289602  2.30285168  2.30280328  2.30284405
  2.30288029  2.30306768  2.30303192  2.30303407  2.3030827   2.30303836
  2.30302787  2.3030417   2.30296874  2.30291986  2.30296183  2.30292177
  2.30288219  2.30285501  2.30281663  2.3027966   2.30282021  2.30284762
  2.30273676  2.30272126  2.30271363  2.30279541  2.30283451  2.30282426
  2.30276704  2.30270052  2.30271983  2.302742    2.30278325  2.30277252
  2.302706    2.30269551  2.3026638   2.30266881  2.30279064  2.30272985
  2.30269694  2.30266333  2.30265164  2.30264378  2.30267286  2.30275702
  2.30278111  2.30282211  2.30296969  2.30304003  2.30296612  2.30312681
  2.30318713  2.30322695  2.30331898  2.3033092   2.30329919  2.30327129
  2.30331492  2.30332041  2.30318379  2.30303407  2.30285859  2.30281067
  2.30282664  2.30288148  2.30288458  2.30286312  2.30271792  2.30274916
  2.30274796  2.30278921  2.3028419   2.30291748  2.30290341  2.30288339
  2.30275631  2.3028245   2.3029325   2.30299687  2.30308676  2.30293941
  2.30300379  2.30291533  2.3028295   2.30273652  2.30275989  2.30280495
  2.30279565  2.30283761  2.30286145  2.30295444  2.30281782  2.30279827
  2.30271888  2.30267596  2.30273056  2.3027997   2.30290031  2.30288291
  2.30285954  2.30289268  2.30287862  2.30293632  2.30286193  2.30284715
  2.30275965  2.30275488  2.30276442  2.30277157  2.30280066  2.3027997
  2.30278349  2.30276704  2.30299091  2.30292726  2.30299282  2.30304646
  2.30294824  2.30295086  2.30298567  2.30297756  2.30290174  2.302912
  2.302948    2.30298114  2.30294609  2.30302072  2.30296278  2.30290699
  2.30289364  2.30298448  2.30291748  2.30298209  2.30307746  2.30314994
  2.30317688  2.30309558  2.30307412  2.30302858  2.30291986  2.3029263
  2.30293059  2.30289817  2.30291104  2.3029747   2.3029623   2.30288196
  2.30282855  2.30285096  2.30293775  2.30294442  2.30290627  2.3029325
  2.3029356   2.30304503  2.30308914  2.30315089  2.30328035  2.30332494
  2.30325627  2.30327511  2.30310822  2.30300379  2.30305219  2.30310464
  2.3030901   2.30306864  2.30314827  2.30311394  2.30329633  2.30322504
  2.30330276  2.30323625  2.3030591   2.30291533  2.30294633  2.30293465
  2.30295444  2.30309844  2.30291557  2.30291104  2.30286479  2.30297112
  2.30296278  2.30286288  2.30279803  2.302845    2.30292606  2.30293226
  2.30290365  2.30293655  2.3029542   2.30293822  2.30287123  2.30292082
  2.30303407  2.30297804  2.30293369  2.30295229  2.30291271  2.3028717
  2.30291152  2.30305481  2.3032794   2.30318999  2.30314279  2.30305767
  2.30301142  2.30290747  2.30287957  2.30282831  2.30281949  2.3028667
  2.30289721  2.30296636  2.30287027  2.30287647  2.30290079  2.3029418
  2.30297923  2.30305767  2.30311108  2.30311012  2.30323339  2.30323553
  2.303298    2.30329394  2.30330729  2.30319405  2.30315161  2.30303621
  2.30304074  2.30288315  2.30297995  2.30301929  2.30299473  2.30292988
  2.30296946  2.30297256  2.30292821  2.30300832  2.30299211  2.30298924
  2.3030448   2.30306911  2.30313134  2.3031435   2.30301762  2.30287528
  2.30289268  2.30285478  2.30276012  2.3028481   2.30275655  2.30272508
  2.30271888  2.30264735  2.30267811  2.30269504  2.30276418  2.30272508
  2.30268836  2.30282211  2.30285144  2.30280161  2.3028512   2.30282784
  2.30278444  2.30281281  2.30275822  2.30289793  2.30289364  2.30290031
  2.30282402  2.30281997  2.30276322  2.30277538  2.30272198  2.30269933
  2.30267334  2.30276537  2.30278897  2.3027854   2.30277991  2.3028214
  2.30280662  2.30288482  2.30286264  2.30283332  2.30281734  2.30277157
  2.30278993  2.30271697  2.30269551  2.3026464   2.30267048  2.30265617
  2.30268216  2.3026998   2.30268669  2.30274892  2.30291176  2.30293369
  2.30303526  2.30299926  2.30307698  2.30299306  2.30284667  2.30283356
  2.3028059   2.30277824  2.30285215  2.30280328  2.3027246   2.3028357
  2.30279875  2.30271721  2.30268407  2.30277205  2.30283403  2.3027904
  2.30273795  2.30272627  2.30278969  2.30283237  2.30286026  2.302876
  2.30286264  2.30289626  2.30281782  2.30286264  2.30280709  2.30274034
  2.30275035  2.30279708  2.30288482  2.30296612  2.30293584  2.30296779
  2.30292439  2.30286574  2.3028183   2.3029542   2.30285072  2.30293036
  2.30313063  2.30319858  2.30314922  2.30308986  2.30303621  2.30310225
  2.30296278  2.30295467]
E for  14 selected participants in random selection:   acc- 82.5700
loss:  [2.23917413 2.16909456 2.09115148 2.41377211 2.25315118 2.17351151
 2.05812836 1.86178696 2.30238533 2.30785441 2.1901288  2.07534242
 1.90695393 1.7957406  2.19757962 2.20115829 2.00043774 1.64667499
 1.29135025 2.24148107 1.91267407 1.72232091 1.76548946 1.73862636
 1.8615849  1.4101609  1.18212628 1.14970136 2.0990622  2.1813972
 2.27900767 2.21057725 1.72458124 1.44218016 1.29920483 1.22715342
 1.56461716 1.36411524 1.25493848 1.11893535 1.14682305 1.55405521
 1.2425791  1.01689625 0.9049536  0.89264113 1.15245163 1.30009782
 0.99925607 0.82711232 0.78026628 0.76914161 0.80121624 0.88195294
 0.94917434 0.8215664  0.85748684 0.85263526 0.7800284  0.75818425
 0.8314091  0.95577353 0.75986433 0.7180658  0.73657084 0.69251031
 0.68391097 0.67172825 0.69167227 0.83482224 0.98698854 0.78048694
 0.67848402 0.67391467 0.70325029 0.73759848 0.77933794 0.76043868
 0.76395422 0.65935141 0.63550752 0.64208806 0.68852961 0.7717877
 0.83168644 0.67248362 0.63488269 0.634049   0.64927608 0.68315035
 0.68778342 0.70386636 0.61252302 0.64249861 0.69063276 0.64496303
 0.63352668 0.60532987 0.58499742 0.61413175 0.67888868 0.73326725
 0.66801125 0.64939177 0.65156698 0.74340701 0.6474002  0.61802059
 0.5940091  0.59256822 0.69656789 0.77800846 0.72471446 0.63461745
 0.66047293 0.62329501 0.60297519 0.61374348 0.612122   0.64195085
 0.64690661 0.59576184 0.59059334 0.62656903 0.64484143 0.61937743
 0.61131316 0.63650173 0.63572729 0.56944084 0.58081704 0.60686892
 0.56847459 0.56827015 0.58309621 0.57244688 0.56062967 0.54226595
 0.55632657 0.6457752  0.65990442 0.61618936 0.64272606 0.55949849
 0.59068704 0.70786023 0.64964789 0.5676595  0.61046809 0.62671715
 0.5837822  0.55161697 0.57039499 0.57079941 0.55536878 0.55424833
 0.55027038 0.5515157  0.55420268 0.54256248 0.61086798 0.64298594
 0.54202098 0.53759938 0.53262699 0.54858643 0.5365929  0.53920168
 0.55015194 0.61353642 0.5535593  0.54400641 0.52046829 0.53426647
 0.5824126  0.64934146 0.57472557 0.53385836 0.53684026 0.5329569
 0.5287686  0.58090448 0.641711   0.52137643 0.53129053 0.5132786
 0.53428912 0.55047262 0.64949697 0.73648703 0.55227405 0.51946443
 0.51573539 0.53377497 0.5191052  0.57868451 0.57921374 0.56298786
 0.55287945 0.52484548 0.51177955 0.53985882 0.51559663 0.49725917
 0.50265157 0.51996678 0.52214891 0.52072549 0.50489688 0.51200777
 0.5065906  0.55024868 0.53840905 0.49929205 0.55012316 0.56953591
 0.53689432 0.56688923 0.53220916 0.50163382 0.52506471 0.55943656
 0.5084759  0.53654498 0.52744293 0.50325936 0.5184952  0.549972
 0.52811736 0.51265478 0.51731461 0.56006759 0.48813862 0.50925446
 0.49053589 0.52453732 0.49080533 0.498384   0.5755946  0.61000705
 0.52752417 0.51939231 0.5069136  0.49388117 0.4973065  0.50138444
 0.50327849 0.54528922 0.54364765 0.52267402 0.5114845  0.54051995
 0.51835179 0.4957315  0.48566791 0.5235858  0.50426376 0.54009467
 0.50195736 0.50626975 0.4665277  0.47886226 0.47589156 0.49080977
 0.54861027 0.54354817 0.47098851 0.46244022 0.49002549 0.56332242
 0.55328119 0.48815084 0.46973717 0.51641375 0.50638598 0.49202695
 0.49295375 0.4967837  0.48486665 0.50334603 0.52828884 0.49159679
 0.49087694 0.46351513 0.49443632 0.48370492 0.50081396 0.49299452
 0.52251995 0.46924984 0.45972767 0.47192261 0.48034108 0.54116589
 0.59125704 0.4965336  0.48901451 0.47347999 0.4883506  0.47658882
 0.46011612 0.45606017 0.45434347 0.44345117 0.47823712 0.52915901
 0.53687644 0.49555746 0.51469612 0.49409884 0.47875029 0.46851191
 0.49273604 0.47394609 0.46445352 0.51711112 0.50798887 0.48970923
 0.45409551 0.45127842 0.44147035 0.45326006 0.46202704 0.46923673
 0.46019912 0.47514945 0.52138954 0.62629402 0.54966199 0.49240908
 0.45304012 0.49288908 0.47123629 0.46540323 0.44208932 0.4504298
 0.43533495 0.43313375 0.43202114 0.4734126  0.46295932 0.46256068
 0.44864115 0.4656412  0.50293738 0.5021469  0.48476323 0.46369913
 0.50948697 0.56614989 0.49631932 0.4565109  0.44184113 0.4586938
 0.4550662  0.46376613 0.46241778 0.43600672 0.43598339 0.44335517
 0.44902059 0.45589438 0.53806603 0.60497075 0.45242408 0.45444247
 0.44449887 0.45661348 0.47586432 0.43088496 0.42744586 0.42511889
 0.42774087 0.43305957 0.45165685 0.51552194 0.54135931 0.45083877
 0.45216727 0.434008   0.43578312 0.42057109 0.42886254 0.42118129
 0.43254444 0.43547469 0.55030721 0.71289873 0.61611176 0.50984174
 0.46872017 0.45172951 0.43912452 0.42768741 0.43653256 0.46290636
 0.49108598 0.46284047 0.42741397 0.44249213 0.43543106 0.46422401
 0.41656637 0.42484796 0.41803744 0.43677846 0.47562334 0.49325866
 0.43204087 0.41839883 0.41968954 0.42472851 0.43615568 0.42777002
 0.42316812 0.44597715 0.43048629 0.41512939 0.4476316  0.4183318
 0.44329882 0.46411073 0.44693881 0.43880743 0.42591646 0.42555654
 0.42767772 0.4336524  0.4260368  0.41993573 0.43864208 0.47803307
 0.49388057 0.44690883 0.45179784 0.44154799 0.42581445 0.42550468
 0.41259775 0.40610373 0.40598494 0.40687436 0.4500418  0.46159247
 0.48108453 0.47806627 0.43210131 0.41852006 0.41294613 0.42328545
 0.43617198 0.41255477 0.42527387 0.40701133 0.41061708 0.40875441
 0.42719653 0.440617   0.47915611 0.41798297 0.423365   0.43394864
 0.40183651 0.39859763 0.40076476 0.4150978  0.41865665 0.4207876
 0.47162041 0.49579751 0.40988296 0.41858643 0.39711714 0.41680235
 0.42232031 0.41909662 0.43660131 0.45285109 0.45574477 0.41526514
 0.39762387 0.40993926 0.40187022 0.39049801 0.41555631 0.42397147
 0.41937572 0.39659786 0.40024295 0.43607423 0.4533025  0.42459491
 0.4463475  0.40724862 0.40631115 0.41242915 0.39761212 0.41411918
 0.43776488 0.46362001]

E for  12 selected participants in random selection:   acc- 84.8600
loss:  [2.25487137 2.18589783 2.06908083 2.07863402 2.77874804 2.30021143
 2.28571153 2.26787925 2.23450351 2.18295479 2.07254219 2.01270175
 2.45897293 2.33091164 2.2817328  2.23759246 2.15036464 1.96503067
 1.60860991 2.97829795 2.44727445 2.27215743 2.18813014 2.05753255
 2.00304198 2.06299043 2.26803875 2.22772193 2.05555725 1.76680541
 1.52347708 1.93087125 1.86349595 1.58317876 1.5966233  1.34522533
 1.27658689 1.32957911 1.38337111 1.23728418 1.4041661  1.08604896
 0.94296563 1.25179827 1.20716393 0.97674328 0.84573299 0.94528264
 1.24458146 1.3554889  1.03713608 0.84612072 0.81977654 1.0050422
 1.1554141  1.30321789 0.91764903 0.86538643 0.84710002 0.78868347
 0.76147312 0.81048077 0.90593255 0.81763035 0.88319075 0.92108059
 0.74986219 0.73969889 1.04993558 0.93508661 0.74937403 0.70008123
 0.70348728 0.69723552 0.75131887 0.89007187 0.84597307 0.73537225
 0.71655899 0.78051579 0.76296824 0.75639826 0.69037873 0.69201827
 0.7487343  0.67618853 0.69327766 0.66950381 0.76346511 0.71211743
 0.67587996 0.74634463 0.75704646 0.66938782 0.68328446 0.63566369
 0.71769702 0.73393524 0.72180945 0.79138583 0.78612566 0.66158628
 0.64633065 0.66841781 0.68229133 0.62988514 0.63024867 0.65498209
 0.77185512 0.76808631 0.65488547 0.63683176 0.64937019 0.64961153
 0.66665548 0.65441275 0.63644224 0.64820445 0.62450588 0.64828849
 0.65018469 0.65095252 0.62614489 0.61125594 0.61343908 0.6409412
 0.60372317 0.65980738 0.63741326 0.63121039 0.63092023 0.71045798
 0.6169731  0.59933066 0.63032144 0.57670414 0.61586624 0.62488419
 0.72804451 0.61878455 0.59510344 0.61931229 0.56853199 0.58424002
 0.60056114 0.63541549 0.63664794 0.63409734 0.57527351 0.59779328
 0.55539775 0.58065683 0.6152606  0.65755105 0.59720308 0.57710111
 0.60473686 0.66981941 0.71351802 0.7396065  0.62766927 0.58857012
 0.57563126 0.63150048 0.62187755 0.58551967 0.57535195 0.55703753
 0.60212386 0.60679936 0.6580565  0.65080637 0.57477945 0.58148962
 0.57470417 0.56923145 0.58930075 0.57438934 0.56301248 0.59441578
 0.64730936 0.55032945 0.53820962 0.54111058 0.57586288 0.63338786
 0.56890351 0.55593491 0.61765784 0.60170823 0.67278641 0.63409102
 0.57987815 0.56668019 0.55684364 0.54729813 0.56598264 0.56906652
 0.57683784 0.59374309 0.57220364 0.57969373 0.58376956 0.54733783
 0.54089826 0.57630765 0.55055666 0.54825222 0.53891534 0.52985615
 0.58656633 0.7357685  0.66827768 0.56910193 0.53599989 0.52991307
 0.52677172 0.54024762 0.60157686 0.56887645 0.56154811 0.57550281
 0.52241504 0.53871328 0.52444595 0.51732546 0.62724406 0.68795651
 0.60693371 0.55556703 0.54756635 0.55307662 0.54829812 0.54051435
 0.54072833 0.54180032 0.54679823 0.58939892 0.61115259 0.57416314
 0.54074538 0.51411194 0.5274235  0.51744205 0.55006838 0.59335524
 0.55994123 0.49887466 0.50192297 0.52472371 0.65677983 0.54367316
 0.51723742 0.53536671 0.53882104 0.51161736 0.53128451 0.51247185
 0.52536386 0.52246028 0.54205263 0.58803231 0.53338611 0.52103645
 0.51505446 0.5512318  0.5289979  0.58591628 0.59984177 0.57192367
 0.52876508 0.52996868 0.52988607 0.50246209 0.49591088 0.49527565
 0.50723439 0.53468978 0.64360344 0.65624893 0.5228706  0.50052786
 0.49323633 0.49172696 0.53773606 0.51793379 0.524903   0.50665355
 0.55565429 0.62194651 0.52305007 0.49178734 0.48659405 0.50249112
 0.51732939 0.50925922 0.51947618 0.48576498 0.49793056 0.51640791
 0.63871372 0.55603439 0.4972997  0.48326871 0.49371123 0.48333648
 0.49067158 0.50683469 0.48434991 0.5792318  0.55000347 0.53001136
 0.49053681 0.48291966 0.4721756  0.51708716 0.49508232 0.54964828
 0.56539506 0.51668024 0.50014114 0.48347187 0.47680226 0.48446909
 0.51456916 0.50704849 0.52041024 0.54723513 0.49811372 0.46859765
 0.48131514 0.47550365 0.4657858  0.5470463  0.6014573  0.56353271
 0.50687498 0.52620631 0.48309588 0.47705439 0.49434292 0.4953604
 0.55072242 0.49768072 0.47080624 0.52445269 0.51168692 0.51039213
 0.51506227 0.51447701 0.50834483 0.4934479  0.53301752 0.47492379
 0.47008872 0.51363301 0.49957758 0.50827038 0.50997883 0.50977713
 0.48021758 0.5218125  0.55222434 0.48483804 0.47105864 0.46933448
 0.46736914 0.48165077 0.54852068 0.6131413  0.54031724 0.4845145
 0.48013556 0.48345283 0.46432626 0.45971617 0.45609155 0.47454613
 0.50004524 0.46663663 0.46687594 0.48423892 0.46689966 0.47958153
 0.53563744 0.5187012  0.45687455 0.46034405 0.4645547  0.46109498
 0.45731094 0.48496187 0.46272197 0.47080284 0.44972387 0.45120597
 0.47026703 0.49583447 0.50177199 0.50918794 0.4378584  0.46148497
 0.46010709 0.45271289 0.4387953  0.52064341 0.56168401 0.49856368
 0.45338589 0.45897511 0.48212349 0.46255809 0.47784945 0.45224154
 0.44438681 0.4428561  0.46246982 0.53838181 0.47178921 0.45803747
 0.48698369 0.45978692 0.45494238 0.46280488 0.49526381 0.52819204
 0.45359984 0.43261772 0.45646811 0.48918119 0.52913249 0.44572261
 0.44045991 0.44746694 0.45922026 0.44079229 0.46777642 0.4976671
 0.47412345 0.42957887 0.45922628 0.44127071 0.44046348 0.45077437
 0.4505063  0.45991567 0.50487751 0.46076778 0.46878746 0.45563453
 0.42650634 0.43933189 0.43106264 0.45617998 0.48191616 0.47146484
 0.45115733 0.42009121 0.44846293 0.47839823 0.44019604 0.42587686
 0.42854512 0.44677296 0.45264146 0.44377139 0.47878668 0.50067532
 0.45890194 0.43787494 0.46778241 0.49083975 0.49866855 0.50253505
 0.50003648 0.50363588 0.43078008 0.42435136 0.44201154 0.46983898
 0.46667665 0.46965826 0.45180792 0.43759346 0.43720827 0.44030148
 0.42785448 0.5016129  0.46309668 0.44495362 0.42008916 0.41508287
 0.42988011 0.46587777 0.48290196 0.43785781 0.42066762 0.44661719
 0.43701211 0.41051343]
