E for  8 selected participants in secure selection:   acc- 98.2800
loss:  [2.27388501 2.23803687 2.17845964 2.07458115 1.92550957 2.46487808
 2.27349448 2.2171886  2.11524034 1.98515022 1.85843003 2.35254383
 2.19002986 2.02635694 1.7522099  1.56980693 1.52460802 2.07924151
 2.03309822 1.59419262 1.45862961 1.96219409 1.71993959 1.16599488
 0.83236074 1.45583248 1.99185455 1.77260745 1.3025254  1.07235014
 1.34878719 1.02850533 0.6784755  0.89749461 0.87801653 0.73016608
 0.56773347 0.65124661 0.51608127 0.4193379  0.51505917 0.65093774
 0.66055739 0.44331962 0.36193198 0.45919874 0.62553155 0.56506395
 0.37738979 0.28927186 0.29599637 0.31689057 0.33141962 0.35849321
 0.2596634  0.2401323  0.23460384 0.25796741 0.22944787 0.21983142
 0.27128947 0.45455495 0.88408679 0.86197048 0.47613412 0.38826022
 0.28931224 0.25291276 0.24818684 0.24179891 0.21674885 0.2244377
 0.2045884  0.19852525 0.20563421 0.22062726 0.21046045 0.17622173
 0.19182548 0.19246109 0.16605377 0.1599663  0.17363906 0.20459852
 0.27729937 0.23504609 0.17711389 0.18580104 0.19091845 0.17089206
 0.15633821 0.14324668 0.15331407 0.15738204 0.15095079 0.14204161
 0.15539469 0.14332105 0.1442266  0.15524285 0.15226033 0.15768734
 0.15226114 0.13812146 0.12784125 0.13682018 0.13720618 0.16872321
 0.13515604 0.14137919 0.16992372 0.12394059 0.12499574 0.12372952
 0.13093442 0.11296877 0.12302584 0.12685484 0.11890183 0.12824713
 0.13807413 0.11829275 0.11132941 0.12023979 0.11446886 0.12635189
 0.15638126 0.18209285 0.10929481 0.12523526 0.1071151  0.14479701
 0.11609665 0.11584801 0.12706444 0.1268689  0.11725441 0.12248217
 0.12202866 0.12541121 0.11303862 0.11478789 0.09729128 0.10490196
 0.1166225  0.11864116 0.11478303 0.14425701 0.11190538 0.10180536
 0.10214942 0.09786447 0.1003849  0.12783417 0.13517043 0.11943997
 0.10732304 0.11083959 0.09685998 0.11200467 0.09268465 0.09383414
 0.09753209 0.10986831 0.09536388 0.09089188 0.09238803 0.09146122
 0.09252588 0.11138705 0.0966085  0.13396491 0.15224433 0.20701921
 0.10956275 0.089307   0.09903126 0.09796675 0.10222328 0.09975516
 0.09218343 0.08886669 0.08936737 0.1008759  0.11657143 0.10280976
 0.10001656 0.09929565 0.09577171 0.08327354 0.09334417 0.10106423
 0.080922   0.08725706 0.10199611 0.08403541 0.08204812 0.08019774
 0.09324674 0.11152705 0.16976446 0.11413175 0.09206929 0.09236033
 0.08355828 0.08020334 0.09094138 0.08072552 0.07770545 0.07872295
 0.09386119 0.08290284 0.07955735 0.10047279 0.16832966 0.17651421
 0.38485298 0.23877686 0.150748   0.10032298 0.08924152 0.09125576
 0.08618392 0.08859055 0.08244053 0.08259287 0.08154667 0.08155006
 0.08540464 0.08194892 0.08439104 0.08013973 0.07685807 0.0931212
 0.0822344  0.08575306 0.09729155 0.08250406 0.07777908 0.07532646
 0.07561743 0.07838088 0.0820516  0.073652   0.07217591 0.07396743
 0.07364012 0.07650923 0.0744864  0.07092904 0.08146148 0.07228314
 0.07124665 0.07453445 0.08340432 0.1071977  0.1588663  0.10891075
 0.11170097 0.07316566 0.07779109 0.07618357 0.07708351 0.07654328
 0.07095045 0.0777307  0.0743721  0.07399258 0.07200079 0.07248214
 0.07835659 0.07778351 0.07577202 0.0759844  0.08101676 0.06911217
 0.07221234 0.0706271  0.06842736 0.07716078 0.07068244 0.07005125
 0.06986488 0.06933423 0.07414425 0.09053487 0.07431333 0.07868925
 0.07898276 0.07306851 0.06885429 0.07025993 0.07938682 0.07082835
 0.06833821 0.06969069 0.06764404 0.07578671 0.07701313 0.06901118
 0.07269166 0.07738406 0.08010273 0.07982812 0.06970308 0.08686505
 0.0677038  0.07066257 0.06760371 0.06665067 0.06402976 0.07683854
 0.07719966 0.0752083  0.06902657 0.07611415 0.06574964 0.07069245
 0.08502561 0.08112238 0.08927173 0.14560947 0.15330634 0.06784248
 0.06505907 0.06943021 0.06645028 0.06443653 0.06087944 0.06261706
 0.06485163 0.06499112 0.07201955 0.06266115 0.06504759 0.08216377
 0.08351009 0.06617337 0.06545508 0.07035445 0.06733807 0.06644421
 0.0611647  0.0662904  0.06608908 0.07332159 0.06485284 0.06038042
 0.05747789 0.05748335 0.06640372 0.07086468 0.05900914 0.06358498
 0.05745565 0.06808268 0.0699011  0.06340732 0.05784142 0.05768771
 0.06294289 0.05770606 0.05953503 0.06465529 0.06109959 0.06341992
 0.0578641  0.05769542 0.07642385 0.05976951 0.08930854 0.05931409
 0.05543451 0.06171572 0.07425239 0.06127819 0.05752161 0.07709635
 0.07063911 0.06420926 0.06084049 0.06198874 0.07347149 0.05898911
 0.06006401 0.05990637 0.0579592  0.05885884 0.0590877  0.05777156
 0.05524784 0.07507629 0.05879671 0.05652491 0.05680929 0.06003258
 0.05594762 0.05837261 0.0584874  0.05582255 0.05926578 0.05578174
 0.05700612 0.05795359 0.05697718 0.06226196 0.06628454 0.07411989
 0.06286263 0.05752514 0.06520692 0.06758838 0.05918043 0.0590782
 0.05430745 0.05404392 0.05455889 0.05399036 0.05434967 0.05435558
 0.05479164 0.05405779 0.05434096 0.053597   0.06191419 0.05519687
 0.05743102 0.07140559 0.06548571 0.05857841 0.05357502 0.05571268
 0.05690762 0.05330553 0.05138296 0.06007535 0.06785391 0.06130736
 0.05680693 0.05490932 0.05870025 0.06739911 0.05873929 0.05980441
 0.05446286 0.05587453 0.05767284 0.05544817 0.05996931 0.05536857
 0.0547463  0.05945364 0.05739534 0.05342615 0.05513646 0.0536609
 0.06183632 0.06410976 0.05727376 0.07424254 0.087974   0.06443538
 0.05943719 0.05488049 0.05544889 0.05357294 0.05339066 0.05412702
 0.05607776 0.05668203 0.05616289 0.06338364 0.05389737 0.05597997
 0.06360689 0.05485934 0.0603772  0.06010028 0.05604112 0.06110572
 0.05591622 0.0676507  0.0739545  0.08366248 0.09971933 0.06075947
 0.05265525 0.05648282 0.06156882 0.05496519 0.05889724 0.05938004
 0.0529152  0.05540521 0.05157905 0.05051008 0.04903289 0.05067641
 0.05523877 0.05497608]
E for  10 selected participants in random selection:   acc- 96.4400
loss:  [2.27418113 2.2296164  2.17875004 2.09039092 2.09467745 2.29598165
 2.20156837 2.0665102  1.83188534 1.78826499 3.28136134 2.30257869
 2.29046535 2.27904153 2.26101756 2.22894835 2.17539144 2.0776217
 1.98928845 2.37838554 2.1866796  1.98931897 1.64466834 1.58162367
 4.57071972 2.31750345 2.30821967 2.29952955 2.29170728 2.28076267
 2.262959   2.23271966 2.19467926 2.14403701 1.99801695 2.0102663
 2.49063611 2.26196933 2.19344091 2.09097075 1.93840003 1.7047596
 1.49028707 3.95457029 2.33882999 2.26666689 2.1450026  1.96925485
 1.8559531  2.63682175 2.19299459 2.01312041 1.71719468 1.88293433
 2.36713767 1.99763227 1.78777874 1.50559711 1.33270121 2.15858507
 2.04836059 1.74959433 1.39550686 1.22124135 1.3862319  1.37177289
 1.06520855 0.99877429 1.14320433 1.15912867 0.94994533 0.7735886
 0.60670227 0.73021245 1.2970196  1.33263886 0.98688006 0.75461251
 0.59729302 0.74424779 0.62272274 0.57383066 0.4751983  0.66578579
 1.08877993 0.77599645 0.55446857 0.43498725 0.39173004 0.41614559
 0.43588114 0.43824565 0.44280899 0.44519043 0.43213281 0.44803593
 0.37659037 0.32146907 0.34296319 0.41895929 0.3348707  0.39700127
 0.27474576 0.25997242 0.32027426 0.29467887 0.32610306 0.33534274
 0.27227628 0.27665469 0.39455676 0.6070295  0.304223   0.28442141
 0.25005555 0.25772932 0.26575625 0.22406299 0.2603789  0.21571067
 0.2756193  0.47069365 0.77427846 0.60055232 0.37459239 0.24049488
 0.22690967 0.22854102 0.23182525 0.24746506 0.24207182 0.2632167
 0.20618953 0.22282177 0.22165559 0.23519297 0.21846659 0.26102498
 0.22001557 0.20199814 0.19072431 0.18867433 0.2144399  0.25617558
 0.28487951 0.39455965 0.22218077 0.21102719 0.25156572 0.27235368
 0.32194    0.25108978 0.19808164 0.2003461  0.22986214 0.19653539
 0.21780716 0.20383139 0.20711455 0.20636767 0.19213533 0.18223657
 0.19480014 0.18678497 0.17894748 0.1958369  0.17126809 0.16368404
 0.18080682 0.1586798  0.16625308 0.16738978 0.19437163 0.18452722
 0.20149848 0.33712822 0.77897918 0.50161165 0.25037223 0.19243245
 0.18795039 0.1807117  0.17881113 0.19110233 0.19102144 0.16988376
 0.17277753 0.16887234 0.15996893 0.15815829 0.15439811 0.16068946
 0.15588161 0.16804224 0.15940236 0.15347835 0.18556418 0.1815169
 0.16019747 0.16043612 0.15409689 0.15028456 0.14573525 0.14103062
 0.15166463 0.14466935 0.14132422 0.17817487 0.17858562 0.14346457
 0.13767576 0.13310494 0.14006384 0.14094448 0.14052665 0.13868049
 0.14255819 0.15888314 0.1448603  0.15402462 0.15107156 0.16813676
 0.18879242 0.14807147 0.16649011 0.1377698  0.13402016 0.13236332
 0.13118853 0.18999521 0.16452518 0.15949659 0.13833734 0.16264294
 0.18399578 0.15913631 0.14911661 0.13316362 0.12937883 0.13088048
 0.14469603 0.19091967 0.1476966  0.149672   0.14118913 0.15029424
 0.12750894 0.13724963 0.14912756 0.12421731 0.1209242  0.12156318
 0.14108661 0.12453052 0.11658784 0.11559594 0.12285386 0.11991505
 0.14040101 0.12353022 0.13038203 0.14112385 0.18041666 0.11758448
 0.15989251 0.12827951 0.11967103 0.12049702 0.10983983 0.1206536
 0.12863007 0.14103113 0.13626342 0.12797259 0.11531011 0.13800639
 0.14536093 0.1221203  0.12566832 0.11189612 0.10699815 0.10436027
 0.12875682 0.12142543 0.13328366 0.14766319 0.11727484 0.116019
 0.11029193 0.11413706 0.12705646 0.1268125  0.1332933  0.12783268
 0.11621555 0.11830269 0.1151662  0.12369683 0.19499561 0.19865124
 0.2430805  0.1612277  0.12082502 0.12482952 0.11719672 0.12263169
 0.11432858 0.11141006 0.11002164 0.10555349 0.10001409 0.10330647
 0.10258532 0.10187432 0.10466279 0.10915891 0.1430988  0.11073478
 0.11144064 0.12211783 0.12054358 0.16959962 0.18374941 0.11376173
 0.10808019 0.15236758 0.19488135 0.12731631 0.102607   0.10563269
 0.10977573 0.10096469 0.10047966 0.10314175 0.09877773 0.10230287
 0.11174619 0.11496725 0.09863573 0.10024972 0.1218038  0.10672681
 0.0948583  0.09918191 0.09460109 0.11497299 0.1057387  0.11240892
 0.10897406 0.11255141 0.09202674 0.09199811 0.09725404 0.15689351
 0.21155228 0.11555745 0.12805496 0.0984834  0.09516331 0.10249314
 0.09671807 0.1075955  0.09716657 0.10389049 0.11132124 0.09251721
 0.10039581 0.09207223 0.1055781  0.1276217  0.14319459 0.12849186
 0.11018874 0.10319163 0.10229951 0.09448746 0.09216521 0.08819937
 0.08921379 0.09748774 0.0889745  0.12882131 0.11644322 0.09507547
 0.0988697  0.08841116 0.08769547 0.09292947 0.11028945 0.09329169
 0.11096847 0.10751786 0.10778446 0.08894036 0.09292328 0.09119727
 0.09435811 0.09594908 0.09636724 0.09106807 0.09001909 0.10073909
 0.09181188 0.09931543 0.15779865 0.21748024 0.32368749 0.3243995
 0.14150587 0.12270366 0.09857576 0.09367642 0.0947309  0.09429265
 0.11221241 0.0936087  0.09936198 0.10840842 0.11607929 0.09257708
 0.09232531 0.08734056 0.09519113 0.09234915 0.09907731 0.09446797
 0.09221317 0.0995406  0.08868153 0.0942854  0.12884592 0.10332704
 0.09366182 0.09290417 0.09129946 0.09790258 0.11557676 0.09052353
 0.09570194 0.10426956 0.09980218 0.09729978 0.08875942 0.08916082
 0.09857885 0.09021279 0.09739477 0.09332972 0.08677924 0.09475367
 0.08024815 0.0795884  0.1009651  0.08467    0.08135977 0.08349649
 0.08449609 0.08771688 0.09642988 0.0885962  0.09028134 0.08663081
 0.08857254 0.08450478 0.08390392 0.0813265  0.0880594  0.07895929
 0.09374762 0.07851169 0.08247298 0.07834612 0.08604653 0.08822779
 0.09641685 0.07648679 0.08142532 0.08421114 0.09308752 0.07995062
 0.08799254 0.08443327 0.08145782 0.07944768 0.08817725 0.09357591
 0.09196873 0.08843414 0.10427499 0.11520211 0.09503154 0.08780841
 0.08670702 0.08811338 0.08128698 0.10597549 0.08244567 0.07869699
 0.08060305 0.07498565]
E for  8 selected participants in secure selection:   acc- 97.8700
loss:  [2.24721766 2.20236731 2.12093115 2.03005195 2.12604952 2.20194626
 2.01656103 1.75718784 2.24926901 2.11404204 1.8137356  1.37361574
 3.14120126 2.18417454 1.97530937 1.82859027 2.26779032 1.91090512
 1.35301852 0.95756036 2.73754764 2.06666899 1.69625843 1.30668616
 0.90397012 0.99581766 3.26851892 2.17050457 1.78441858 1.38084853
 1.06182122 1.73962712 1.73191249 1.50637615 0.82902354 1.05962205
 2.60036469 2.00524211 1.65603399 1.28545725 1.08223999 1.11246991
 1.08206022 0.87728763 0.65331531 0.65334129 0.77746439 0.6852017
 0.57556742 0.44713184 0.35063541 0.34767354 0.36279836 0.41623527
 0.67193758 0.48008633 0.32623115 0.27069855 0.26696074 0.25945088
 0.3394483  0.34002396 0.37752193 0.30869684 0.53087842 0.35700223
 0.32143807 0.40637511 0.24913301 0.22286804 0.22823825 0.22220857
 0.21236598 0.23867373 0.24870683 0.2193054  0.21755068 0.19141693
 0.22147258 0.19212581 0.22355838 0.2013725  0.26977    0.22198659
 0.21612614 0.20949763 0.23364614 0.23671158 0.27366102 0.28189999
 0.3295128  0.33207244 0.23167855 0.18130362 0.16911332 0.17849478
 0.17167492 0.19997923 0.17531332 0.19884929 0.17327568 0.16173959
 0.16985953 0.16561425 0.16240776 0.15219079 0.15096901 0.17118891
 0.17331854 0.15983734 0.14869057 0.16036147 0.16628143 0.14090931
 0.14466086 0.16414769 0.14752814 0.15287854 0.16333531 0.16684781
 0.24561556 0.21646638 0.14627524 0.15472078 0.14639062 0.14488484
 0.1384324  0.13043915 0.12866893 0.1641587  0.1692118  0.15135294
 0.14162177 0.13763182 0.13741769 0.13611498 0.1242281  0.13665858
 0.12606955 0.14880317 0.14044446 0.14099371 0.12559499 0.13731371
 0.18705377 0.11726356 0.12887335 0.13295989 0.13823336 0.117261
 0.13183446 0.15253493 0.12541717 0.13028066 0.12501116 0.12553829
 0.12985571 0.13348545 0.12871623 0.13095555 0.1152974  0.11077335
 0.12517591 0.11330029 0.11581364 0.12031288 0.15954006 0.12958732
 0.14024048 0.13153157 0.11749151 0.10606017 0.12506074 0.10983464
 0.11152323 0.10259321 0.10091034 0.11402285 0.11592377 0.14175203
 0.10709393 0.10910784 0.11234602 0.10973765 0.11618694 0.13944376
 0.11073064 0.10619486 0.11128373 0.10591238 0.115936   0.10359186
 0.10692163 0.09973875 0.10094798 0.10456973 0.1244961  0.10507009
 0.11233131 0.11359543 0.11844515 0.24845296 0.70153415 0.88060564
 0.44388163 0.22300127 0.15900944 0.14270055 0.14139873 0.13412149
 0.12825285 0.13410835 0.1337039  0.12274346 0.11860318 0.11824393
 0.11439962 0.11277938 0.10966681 0.11689246 0.12615228 0.11482304
 0.11311018 0.10872819 0.11616822 0.10662284 0.10715011 0.10801695
 0.10887393 0.10245609 0.1084444  0.10000242 0.09764715 0.09647487
 0.10756793 0.11704596 0.10556386 0.10653992 0.10378229 0.10256161
 0.09431247 0.09597609 0.10013643 0.09637311 0.11969931 0.10588057
 0.10214824 0.11010025 0.10025334 0.09519386 0.11521141 0.10520912
 0.09333172 0.10605107 0.10391682 0.09300303 0.10667867 0.11560462
 0.10299455 0.10017559 0.10929617 0.09875799 0.08987834 0.08941108
 0.08651187 0.10159492 0.08978741 0.0878714  0.08926082 0.08758445
 0.08962082 0.08807053 0.09311567 0.09343262 0.08995563 0.10074234
 0.09137286 0.08091963 0.08434276 0.07768951 0.09726707 0.09923118
 0.09834229 0.09091348 0.10321005 0.0941528  0.09026927 0.08240618
 0.08277394 0.10172559 0.0974234  0.0971321  0.09646959 0.09417723
 0.09447555 0.09454203 0.08810344 0.0827317  0.08711839 0.09319538
 0.08620366 0.0796704  0.10101736 0.10100581 0.08289266 0.08819792
 0.08500388 0.08488686 0.10835785 0.07932404 0.08592401 0.13710307
 0.10992659 0.08062082 0.09282488 0.09338284 0.08247571 0.09847234
 0.0840767  0.09028841 0.07949798 0.08083621 0.07831663 0.07664726
 0.08257198 0.08155579 0.07604413 0.08263215 0.08301522 0.08947179
 0.09345493 0.10003576 0.08050083 0.07535349 0.07771695 0.07511161
 0.07298414 0.09715526 0.07996181 0.08847705 0.08101071 0.08050327
 0.07668255 0.08100826 0.07596134 0.07870493 0.08017476 0.07299296
 0.0858011  0.0753383  0.08058121 0.0826045  0.07354829 0.08234169
 0.07631078 0.07804744 0.07754955 0.09838646 0.07707722 0.08490355
 0.07844846 0.08444122 0.07775082 0.08449308 0.10047308 0.07886403
 0.07764363 0.07194539 0.07083759 0.07251451 0.07647127 0.08324245
 0.07816528 0.08413403 0.07976942 0.07519639 0.11396889 0.2211753
 0.35008308 0.10285552 0.09456521 0.09501322 0.08583102 0.07982965
 0.07806126 0.07921731 0.07944326 0.07158876 0.07383513 0.07247687
 0.07592257 0.08261406 0.07887329 0.07078253 0.07316061 0.07452662
 0.07626656 0.07761955 0.07838355 0.07289851 0.07223984 0.07189994
 0.07155454 0.07316316 0.07135169 0.06948085 0.0703282  0.07821322
 0.08214664 0.0689555  0.0657395  0.06606473 0.06870545 0.06789491
 0.08088396 0.07592809 0.07238247 0.08010154 0.07190324 0.07066467
 0.07072058 0.07204628 0.06768861 0.09303682 0.07355116 0.06884672
 0.07157577 0.07314226 0.06540152 0.07065279 0.07263155 0.08464642
 0.08234069 0.07419331 0.06993148 0.07113622 0.07208472 0.06844193
 0.09851957 0.10609472 0.07560431 0.06920446 0.07031315 0.06432653
 0.06795354 0.06821399 0.06442708 0.06719161 0.06784919 0.07056179
 0.08019961 0.06727375 0.06443205 0.06801729 0.06574059 0.06911822
 0.06787721 0.06421598 0.0725857  0.07227571 0.06908001 0.09517696
 0.07068088 0.06320472 0.06198311 0.07352348 0.06436787 0.07163353
 0.10070992 0.07500234 0.11130488 0.07194353 0.07267529 0.06575866
 0.08049875 0.07595881 0.06468755 0.09137411 0.0736841  0.0708037
 0.06283176 0.06929287 0.08414303 0.06829923 0.06623287 0.06258201
 0.06933141 0.06455965 0.062521   0.06853464 0.06229547 0.06252798
 0.06205193 0.06556994 0.06416479 0.06603672 0.06328763 0.06676334
 0.06292754 0.06852105]
