E for  6 selected participants in secure selection:   acc- 92.2000
loss:  [2.28200555 2.26848173 2.25195956 2.23405099 2.21506143 2.19015408
 2.16409063 2.12969112 2.10571551 2.08265972 2.01818252 1.97912383
 1.9229039  1.89113033 1.84118617 1.86492777 1.84106636 1.91710293
 1.69802225 1.63818443 1.58620369 1.77307701 1.49608111 1.52663076
 1.45481575 1.66989672 1.50221622 1.43772984 1.36015749 1.45833862
 1.57818341 1.44867921 1.31444585 1.20541096 1.29910791 1.29598522
 1.12683022 1.07799506 1.01826847 1.02677119 1.13080931 1.35161006
 1.36634755 1.05774641 0.98987043 0.90753293 0.91023886 0.89380175
 0.88926053 0.95868826 0.96755177 0.99041903 0.95313728 0.85730958
 0.86667991 0.80284971 0.94640154 1.06453323 0.91326076 0.73007572
 0.75281078 0.69450331 0.70632166 0.67794752 0.69890684 0.6891914
 0.71741349 0.65127593 0.74897313 0.76723349 0.76554227 0.72990483
 0.70880824 0.63348317 0.63055593 0.6902594  0.79789031 0.86573887
 0.83328271 0.6628657  0.61629587 0.60107154 0.60823441 0.61460632
 0.56305045 0.55704206 0.55270427 0.58131748 0.56800771 0.59848785
 0.56380016 0.56521785 0.59836608 0.70620811 0.65748221 0.69963527
 0.67812991 0.67945892 0.52262181 0.52546191 0.50640446 0.51168078
 0.53641206 0.53172082 0.5183332  0.53860009 0.5265578  0.51297909
 0.5260303  0.51655257 0.52514327 0.64487433 0.82688439 0.58801311
 0.49120021 0.50763738 0.50682491 0.47547689 0.46623749 0.46887597
 0.486985   0.50327116 0.46695656 0.49321216 0.47874433 0.47394601
 0.58470708 0.5814572  0.62321341 0.56458831 0.64032358 0.57354599
 0.520863   0.51460552 0.50956434 0.49621996 0.45628229 0.51336819
 0.53399974 0.49673346 0.49742353 0.47948927 0.51266825 0.45472226
 0.43588573 0.44174579 0.44378072 0.41683325 0.43141371 0.42450714
 0.43261969 0.44097862 0.43358165 0.4409228  0.45198491 0.42893985
 0.41845933 0.43840927 0.40410629 0.44517091 0.43253514 0.45317432
 0.47292793 0.44703212 0.414462   0.44821328 0.42596689 0.43789789
 0.41710976 0.45509312 0.40337655 0.42820001 0.39458507 0.39716962
 0.38906991 0.39721814 0.39494082 0.46220815 0.42525747 0.42163241
 0.39266598 0.41976503 0.40746385 0.42261016 0.39639589 0.392387
 0.40108165 0.38987097 0.37735698 0.37988368 0.38654286 0.39606363
 0.40177113 0.39105639 0.40960997 0.37252995 0.37940496 0.38580453
 0.36629316 0.40287018 0.40088916 0.39514664 0.39175367 0.3802166
 0.37135124 0.38864589 0.36512628 0.36055422 0.36335251 0.36402583
 0.36565101 0.36624262 0.39157906 0.37342325 0.42144376 0.48644814
 0.64216012 0.47547758 0.50787371 0.40575248 0.40078473 0.37710562
 0.41254383 0.35306495 0.37644178 0.35289353 0.3522     0.38625729
 0.36121044 0.37246707 0.34255266 0.35986984 0.35076362 0.34977043
 0.35617581 0.34976295 0.33892885 0.3390601  0.36349949 0.36435136
 0.36862752 0.38768759 0.36725044 0.35350636 0.38084555 0.33760729
 0.33982986 0.33432755 0.33118153 0.32704589 0.32770008 0.33679834
 0.34174952 0.33135736 0.32625175 0.32810181 0.32857773 0.33337313
 0.34546363 0.34406483 0.33945239 0.33939913 0.33560121 0.3245801
 0.33518857 0.32757986 0.32636735 0.33113956 0.33880174 0.3247751
 0.32121912 0.3333303  0.34731218 0.33588314 0.35710663 0.35314918
 0.37558058 0.33144867 0.32476211 0.32036334 0.32160592 0.32407886
 0.34725925 0.33534396 0.32590044 0.31390485 0.31723851 0.33432046
 0.3245337  0.33644316 0.31360105 0.31903884 0.32594115 0.31375128
 0.3180289  0.31570479 0.31034005 0.31466386 0.32549718 0.33445516
 0.30811584 0.31445143 0.31821105 0.31009424 0.30743793 0.30759013
 0.32527757 0.36177805 0.32816681 0.3110382  0.30126214 0.3027994
 0.30328158 0.30157313 0.30234507 0.30485556 0.31008604 0.32298198
 0.31337604 0.31585371 0.30825531 0.33080751 0.30989596 0.30410382
 0.29498824 0.30801302 0.29895887 0.30193734 0.29764536 0.30132046
 0.32372889 0.3344301  0.30400011 0.3137486  0.29728517 0.29298994
 0.29412305 0.29535297 0.29402843 0.29354179 0.28712547 0.28931725
 0.28588855 0.29446715 0.30874127 0.31638959 0.30134949 0.28411633
 0.28680095 0.28864551 0.28234908 0.28576374 0.29316595 0.28960466
 0.3008602  0.2927238  0.28670111 0.29205319 0.29207483 0.30851671
 0.32282245 0.30158079 0.28763649 0.28933033 0.28275278 0.27994871
 0.28141832 0.30254453 0.29158214 0.28323215 0.29555681 0.32497442
 0.31547165 0.30348915 0.33987325 0.32943153 0.28609183 0.27187726
 0.27226925 0.28192934 0.27342349 0.27044129 0.28038192 0.27712816
 0.28669065 0.27899265 0.27911219 0.28364274 0.27222103 0.27114552
 0.29607916 0.27254474 0.27867401 0.28295258 0.27952209 0.27179381
 0.27135053 0.27352318 0.27877989 0.2840175  0.27449435 0.27281132
 0.28164518 0.26436692 0.27487186 0.27974656 0.2659629  0.26743695
 0.2788578  0.27592677 0.28345314 0.26554212 0.27602491 0.28239337
 0.27829289 0.27435532 0.27770579 0.27404815 0.28661868 0.28307778
 0.30759671 0.27478752 0.26428449 0.26381427 0.26655781 0.26864773
 0.27538118 0.26394618 0.26115167 0.26197997 0.25992295 0.26532927
 0.26265666 0.27247936 0.2825681  0.26106051 0.26505139 0.26359993
 0.2771233  0.26326293 0.26638275 0.26201651 0.26077709 0.25179884
 0.25486237 0.25762317 0.26424098 0.25890279 0.25962758 0.26340038
 0.26651278 0.28681177 0.25611132 0.25778341 0.26038185 0.25852299
 0.25243878 0.25832808 0.2645818  0.25540242 0.26581749 0.25983968
 0.25660783 0.25623348 0.25564119 0.26648238 0.2926209  0.35718089
 0.43499601 0.29953238 0.27079198 0.28571194 0.27052495 0.29300585
 0.25787833 0.25252298 0.26246139 0.26118794 0.26001239 0.25652471
 0.27019718 0.25400949 0.26869708 0.2503978  0.24552715 0.24834527
 0.25328824 0.26379359 0.25073519 0.24783225 0.25607294 0.24999671
 0.25104848 0.24614041 0.2533443  0.27147526 0.25182512 0.24301775
 0.24353956 0.25781891]
E for  8 selected participants in secure selection:   acc- 92.9000
loss:  [2.28327322 2.26662898 2.24954677 2.23804092 2.21604347 2.20093799
 2.16659284 2.13500404 2.09761167 2.05551434 2.01506424 1.97421956
 1.95155239 1.92204106 1.84919178 1.8678267  1.78115511 1.8522197
 1.68476176 1.63995278 1.73775756 1.72197974 1.580235   1.41196823
 1.32869518 1.30108118 1.33387411 1.4469018  1.61377239 1.4791708
 1.36679399 1.16147208 1.22229898 1.41198897 1.64912283 1.36979938
 1.16625535 1.09247017 1.02115405 1.07767582 1.10596597 1.20085025
 1.16670775 1.09866321 0.93949699 0.91573876 0.99229139 1.15736604
 1.01370764 0.92286563 0.90770769 0.83319104 0.90635324 0.93347257
 0.98255116 0.8220492  0.83636814 0.83323944 0.79971582 0.75941694
 0.81363958 0.81963313 0.84086961 0.84567165 0.89354962 0.81175339
 0.74432158 0.71837837 0.63399523 0.61341327 0.6131084  0.6140964
 0.60611039 0.62622803 0.59601337 0.60538334 0.60669023 0.58271056
 0.59049469 0.60920066 0.58647007 0.65283412 0.66816622 0.93519044
 1.0319097  0.81265152 0.70389324 0.68726039 0.85624939 0.87071592
 0.60310233 0.58363295 0.56236255 0.59198391 0.55306679 0.56644565
 0.52181536 0.56271851 0.57185119 0.67100286 0.61233455 0.63664919
 0.5569939  0.56582075 0.57730168 0.52791673 0.49587944 0.50495303
 0.48499668 0.47906271 0.46775988 0.47662765 0.46317047 0.46201187
 0.45564106 0.46097109 0.46130922 0.49720088 0.46481553 0.45785484
 0.49285245 0.47339264 0.45040044 0.45131549 0.45510826 0.45852858
 0.47668716 0.4535754  0.49206686 0.51123464 0.5861482  0.56358528
 0.68299896 0.50935221 0.46768081 0.46161476 0.48571119 0.5287959
 0.67200673 0.61153024 0.74397796 0.58101577 0.52916574 0.49578366
 0.48190126 0.45140353 0.42852592 0.4405506  0.44690529 0.42706725
 0.44622216 0.43093252 0.4656392  0.53061229 0.62608165 0.43674928
 0.42116186 0.4279328  0.45704386 0.46553439 0.44063017 0.42805019
 0.4031139  0.39591092 0.39440542 0.39076209 0.39888749 0.39121139
 0.39470774 0.40613192 0.42679629 0.3991234  0.43932706 0.44477838
 0.48123375 0.41398409 0.44611844 0.40510637 0.39766127 0.40852174
 0.40370622 0.40439051 0.38476244 0.38398442 0.39235616 0.39029989
 0.37627137 0.37643257 0.37507784 0.36970291 0.37842011 0.36817887
 0.37462866 0.36752263 0.36450699 0.36088929 0.36551046 0.36167401
 0.3603352  0.36347905 0.36100212 0.35675582 0.36229327 0.36162782
 0.38406083 0.43015561 0.53214914 0.42541036 0.39403149 0.37809384
 0.38652089 0.37515    0.36420125 0.36464757 0.35884053 0.38673267
 0.36371517 0.36114922 0.36661112 0.37332457 0.37376505 0.37940896
 0.3660202  0.37892559 0.38129839 0.37622088 0.39533287 0.41032162
 0.39624193 0.40302959 0.41576949 0.3805407  0.38948229 0.35898224
 0.36356881 0.33642778 0.34194347 0.35280216 0.34164062 0.33024287
 0.35028037 0.34047508 0.33224604 0.32819656 0.33756065 0.34056917
 0.3362273  0.33298925 0.34197801 0.347693   0.33608779 0.3339878
 0.32923537 0.33180875 0.32175717 0.31998026 0.33424383 0.32408985
 0.32567981 0.3323231  0.33929181 0.32981029 0.33173409 0.32804242
 0.34032443 0.32814616 0.31971976 0.3201651  0.33424342 0.33495837
 0.34046438 0.39061067 0.48284125 0.3648971  0.37970674 0.35276532
 0.3242808  0.31052154 0.31796795 0.32357916 0.34680814 0.34271586
 0.32453895 0.35683602 0.34848428 0.32797244 0.30928466 0.32235211
 0.32011622 0.31631911 0.30563536 0.31348822 0.3614023  0.4025403
 0.39573163 0.34724498 0.34612295 0.33781695 0.30291095 0.30222431
 0.30006534 0.29852951 0.29990667 0.31214046 0.31255004 0.30523583
 0.29871261 0.29817218 0.31989947 0.30993783 0.32989684 0.30004779
 0.30668506 0.29837465 0.29754016 0.29835385 0.30497772 0.30016989
 0.29460329 0.29913154 0.30980104 0.32052836 0.32196167 0.30176041
 0.31783518 0.30293304 0.30170777 0.30036536 0.30589643 0.29271761
 0.2965923  0.30707309 0.3017503  0.29287511 0.2910108  0.28827235
 0.28812131 0.28576112 0.28810617 0.29981729 0.29155865 0.28909802
 0.29298544 0.29253367 0.29427975 0.29393876 0.28643483 0.28948012
 0.28890073 0.28077543 0.28397474 0.28516996 0.27870893 0.27750352
 0.2739574  0.29518941 0.30757034 0.33523133 0.3118926  0.30033225
 0.27955958 0.27838865 0.274398   0.27595514 0.28003857 0.28431201
 0.28066003 0.2755146  0.27543327 0.28352201 0.27263474 0.27501416
 0.27441022 0.2835235  0.27800831 0.27172413 0.27668694 0.27638292
 0.27279112 0.27926332 0.27952379 0.27669784 0.27262971 0.27971634
 0.29444164 0.27156186 0.2771616  0.28500354 0.27385581 0.27269918
 0.27075288 0.27020493 0.26720008 0.27280864 0.26674107 0.27729809
 0.26256993 0.27594864 0.2753818  0.26949406 0.27503303 0.28136027
 0.27610585 0.27081659 0.27510983 0.27403334 0.26930904 0.28296784
 0.29895881 0.28831875 0.2752969  0.26926878 0.26377648 0.27126944
 0.26592264 0.26769942 0.26420349 0.28048956 0.28121591 0.28706288
 0.2729111  0.26470113 0.26247165 0.26707408 0.2632944  0.26587328
 0.25860769 0.26409107 0.2590692  0.259128   0.26425993 0.28209671
 0.27706245 0.26544836 0.26032043 0.26862118 0.26262891 0.2604211
 0.25580207 0.25515264 0.26487371 0.25795853 0.26135287 0.26771531
 0.2746703  0.26290017 0.25379303 0.25247744 0.26049817 0.25582606
 0.25519571 0.25329599 0.25749755 0.25390673 0.25166619 0.27021229
 0.27220199 0.25530571 0.24810645 0.25188515 0.24533474 0.26844081
 0.24753882 0.24685711 0.25297359 0.24977298 0.25104779 0.25095746
 0.25603548 0.2495292  0.25073421 0.26137057 0.25473422 0.26060075
 0.25328606 0.24984799 0.26146153 0.25306472 0.24742942 0.25095174
 0.24844521 0.25007102 0.25077444 0.24615034 0.24790464 0.25228754
 0.24116077 0.23908174 0.24806665 0.24707896 0.2412885  0.24511892
 0.24606743 0.25356099 0.25834739 0.25910288 0.25099578 0.26398063
 0.24171413 0.24581237]
E for  10 selected participants in secure selection:   acc- 92.1800
loss:  [2.26934934 2.24816847 2.22841787 2.20226216 2.17017436 2.13903069
 2.10695171 2.0623343  2.01791358 2.02404165 1.9230715  1.88117206
 1.96258199 2.11854792 1.9812752  1.79871404 1.76696098 1.72178185
 1.6812315  1.75130475 1.91511893 1.86763787 1.68853295 1.51022363
 1.46770287 1.50351048 1.45861089 1.5439049  1.62232673 1.56326139
 1.35748339 1.36717725 1.54884028 1.62731373 1.42227566 1.29437137
 1.27279675 1.20404887 1.30745077 1.26637459 1.32414377 1.25861061
 1.17412078 1.151245   1.20304775 1.19500101 1.16916597 1.19327033
 1.21931291 1.29411423 1.11813951 1.12654555 1.09736788 1.10339653
 0.98760986 1.05360425 1.03055775 1.077528   0.99864852 0.95351428
 0.8953709  0.96291631 1.0671103  1.03001714 0.95589209 0.96247703
 0.91271716 0.82364637 0.76120323 0.77460837 0.86782521 0.81024224
 0.89771277 1.17249465 0.94639796 0.87306076 1.04583609 1.07950807
 0.8190406  0.77929515 0.77478421 0.77454859 0.74549973 0.7300216
 0.70587748 0.70908433 0.6915676  0.69344079 0.70121008 0.68189055
 0.77707028 0.7751016  0.90180594 0.98129123 0.84962833 0.7644062
 0.6974591  0.81448132 0.83270216 0.68526745 0.63741267 0.63432759
 0.63036543 0.59724659 0.60650522 0.60974324 0.58988249 0.62817043
 0.63510931 0.69121492 0.79307181 0.73256928 0.75999075 0.9191913
 0.95995986 0.86624944 0.7318269  0.59628886 0.58088905 0.57239461
 0.57159704 0.56048155 0.55355906 0.54965591 0.55485034 0.5476495
 0.59235859 0.54998523 0.54160088 0.56107736 0.57431883 0.61437893
 0.68939441 0.75217462 0.82233691 0.78380173 0.59709293 0.59987634
 0.57274836 0.5548923  0.54439294 0.54729712 0.54835182 0.55550838
 0.54796481 0.54813755 0.5113551  0.53413373 0.52906179 0.61300671
 0.61618739 0.61424631 0.72837114 0.69530177 0.61089581 0.57712537
 0.5241136  0.52261502 0.49814042 0.48067287 0.47747543 0.47686788
 0.48002279 0.47055733 0.47213155 0.47692788 0.49168754 0.49289194
 0.47933874 0.46091309 0.46496519 0.4953438  0.51131254 0.48208764
 0.47842538 0.48331401 0.45067111 0.44752744 0.46306962 0.44758451
 0.43899482 0.44655865 0.44784775 0.44947469 0.46239999 0.43927941
 0.45087558 0.44371134 0.44041255 0.42872599 0.43877739 0.43751338
 0.43272397 0.43038061 0.42628837 0.43233624 0.45020756 0.54195732
 1.00822675 0.97040558 1.00053501 0.55240905 0.4536604  0.44855592
 0.43771288 0.44299972 0.43776488 0.42921031 0.42110601 0.43212348
 0.41770723 0.41662031 0.44116801 0.43174708 0.43836063 0.43168178
 0.41592574 0.41373903 0.40424535 0.41413686 0.41682184 0.42573673
 0.40098467 0.41557285 0.39882344 0.40374878 0.4061707  0.40644029
 0.39225182 0.39236373 0.39211726 0.39458042 0.40145019 0.38861635
 0.39389044 0.39027137 0.38825172 0.39380229 0.38668951 0.39316031
 0.38824794 0.39798295 0.39789236 0.39086705 0.40550321 0.43742993
 0.45384356 0.44833276 0.58845145 0.5802148  0.61868054 0.48054564
 0.4263289  0.4228228  0.38283834 0.37154216 0.37227416 0.37737089
 0.36756021 0.38811642 0.38321227 0.382644   0.36384562 0.37113366
 0.37657288 0.36737323 0.37064558 0.36502731 0.35858196 0.36409342
 0.3626579  0.37855041 0.39741307 0.40127507 0.38441798 0.38669041
 0.35697743 0.34897384 0.35562193 0.35342479 0.36852062 0.39240915
 0.3685818  0.35261756 0.35331908 0.347489   0.34399211 0.34631994
 0.34977502 0.36517745 0.34438315 0.33897081 0.35133302 0.33786145
 0.35732982 0.3465797  0.33273458 0.35332119 0.39669889 0.38672456
 0.33924732 0.33579445 0.41654238 0.427248   0.47085714 0.73392791
 0.54274702 0.42287734 0.34441006 0.34037641 0.33625436 0.3338466
 0.33181095 0.33076248 0.32920048 0.33287331 0.33198106 0.32801226
 0.33338022 0.3297013  0.33455855 0.33046007 0.32298437 0.32557991
 0.3290152  0.32927769 0.32789949 0.33064321 0.3348043  0.3202115
 0.32838371 0.34452063 0.33146352 0.31697685 0.33057994 0.31343341
 0.31681332 0.31119421 0.3287504  0.31716743 0.31301895 0.31295151
 0.31079987 0.31798059 0.32005155 0.3218762  0.34822333 0.30880702
 0.30544266 0.31681705 0.30775622 0.3179194  0.33020136 0.32814276
 0.32768539 0.34773782 0.31597883 0.32351193 0.3121618  0.30643979
 0.30835062 0.2987231  0.30579472 0.31204963 0.30659121 0.29906371
 0.2949335  0.29786873 0.30272478 0.29519713 0.29984236 0.29774433
 0.30183005 0.30850241 0.29919532 0.29697007 0.29461116 0.30325645
 0.32561317 0.31457189 0.31837678 0.32600179 0.33104458 0.29508471
 0.28851154 0.29089338 0.28691787 0.30052933 0.30279586 0.29207268
 0.30966192 0.29685256 0.30648851 0.28946179 0.28136206 0.28864944
 0.29565424 0.28706267 0.28087404 0.28727648 0.29534185 0.30369169
 0.33734685 0.30516884 0.30523819 0.29357138 0.29851952 0.28276035
 0.27429113 0.28088275 0.27548116 0.28463462 0.28472948 0.27225688
 0.29913217 0.32410538 0.2769714  0.29503658 0.29782441 0.31876332
 0.32752115 0.37278464 0.36296281 0.36529031 0.27494332 0.27105495
 0.2750631  0.27179375 0.27472073 0.27084717 0.27013147 0.27403849
 0.27728468 0.27263573 0.27611795 0.27267113 0.28403255 0.26390329
 0.26788783 0.26668507 0.26531065 0.26589862 0.2723847  0.26432607
 0.2612527  0.26816356 0.26078317 0.26368812 0.26111928 0.26643202
 0.259417   0.25923797 0.25878763 0.28431213 0.26885357 0.26487657
 0.26653355 0.26058951 0.25715658 0.25718731 0.25932917 0.25241047
 0.2536332  0.25508365 0.2598969  0.26800731 0.26134679 0.25730315
 0.25654399 0.25455612 0.26301795 0.25616103 0.25722212 0.2571089
 0.250909   0.25151286 0.27708989 0.25716075 0.25446305 0.25491846
 0.25621814 0.25080436 0.24935254 0.25613543 0.25085038 0.25311947
 0.26062641 0.25464299 0.24740081 0.25243136 0.24793862 0.24635559
 0.24810007 0.25238431 0.26352903 0.2471552  0.2451127  0.2476384
 0.24602959 0.26330671]
E for  12 selected participants in secure selection:   acc- 92.4100
loss:  [2.27268815 2.24858642 2.22558856 2.19543767 2.16208887 2.12768078
 2.08113194 2.04745317 2.00206971 1.94788945 1.90637994 1.9081986
 1.905442   2.05244541 1.9930619  1.82683909 1.73220837 1.64584684
 1.66619742 1.71708262 2.06571674 1.61947048 1.45295441 1.47655153
 1.5340811  1.70432484 1.81537092 1.50524354 1.35495269 1.23437595
 1.20261264 1.31042826 1.76469648 1.57133543 1.35368133 1.14554203
 1.05587769 1.14462554 1.24823689 1.87013495 1.61971283 1.12855411
 1.02237427 0.97820061 0.95129055 1.00462008 1.18426919 1.65949273
 1.2988528  1.0643034  0.9705323  0.93154931 0.8855387  0.89844745
 0.96879679 1.01499391 1.15720546 1.1914109  1.02636755 0.92681152
 0.89926368 0.86036581 0.93891269 0.84042227 0.79571122 0.78444248
 0.78563744 0.91219425 0.92413527 0.99137676 0.80358332 0.74255431
 0.73062336 0.76583242 0.93267512 1.0173893  0.99721384 0.77524281
 0.68566447 0.66507554 0.68391365 0.64833081 0.70324504 0.64202875
 0.67630261 0.69464415 0.78228539 0.78414786 0.71976525 0.69749963
 0.76894647 0.76666433 0.7210992  0.85283232 0.76334274 0.69639689
 0.6329996  0.60548723 0.59282112 0.58712763 0.57022429 0.5803023
 0.56615084 0.58032727 0.61847836 0.59084338 0.57030165 0.55643737
 0.53814214 0.53769094 0.53407514 0.58083898 0.57727748 0.53256124
 0.53461051 0.54262155 0.52951127 0.57030809 0.60881633 0.6744259
 0.65562886 0.73300827 0.65397596 0.6590665  0.74004972 0.63437462
 0.5315454  0.5142594  0.52185529 0.5223487  0.53192717 0.49636146
 0.50061846 0.49443656 0.4895393  0.49271044 0.48826244 0.48935863
 0.50268662 0.49726757 0.48479918 0.48505816 0.48366651 0.4947854
 0.48687428 0.50527716 0.50398391 0.56162077 0.66332287 0.58396047
 0.67844689 0.51472932 0.53513718 0.50770074 0.49273604 0.49876943
 0.460807   0.45373988 0.44708344 0.46564794 0.45394903 0.45233729
 0.44868574 0.44589752 0.4408547  0.45399883 0.45563915 0.45683011
 0.45292026 0.44865942 0.53615725 0.60959756 0.54410017 0.52459699
 0.46624404 0.43882295 0.44516322 0.44699937 0.44105741 0.44431552
 0.43108174 0.43039834 0.42664692 0.42566749 0.49132803 0.47080094
 0.44436631 0.43422177 0.41320005 0.42148325 0.43425703 0.41068834
 0.42163315 0.40459827 0.40450656 0.41780967 0.43455845 0.47227958
 0.45312124 0.47302967 0.48857421 0.43892616 0.42448398 0.45841879
 0.53625047 0.61626267 0.52487212 0.56803948 0.62219703 0.44196954
 0.4328669  0.41800004 0.4008376  0.40391323 0.39658046 0.38335881
 0.3885411  0.39671683 0.39375526 0.4226087  0.43370655 0.45352611
 0.43465966 0.38804311 0.38380951 0.38130915 0.37961581 0.38373962
 0.41784248 0.38209641 0.39050618 0.38570958 0.37239575 0.36946869
 0.37443182 0.37761003 0.37525952 0.39499027 0.37787107 0.37226349
 0.37495044 0.3732464  0.37952167 0.36667213 0.37868729 0.38058671
 0.35738876 0.36438403 0.36873966 0.36596477 0.37445754 0.37447128
 0.37028238 0.36194122 0.35819605 0.35605484 0.36323991 0.36018661
 0.35738027 0.36157188 0.35389796 0.3555786  0.35677347 0.3654125
 0.34918961 0.35715809 0.34733686 0.36033705 0.35242718 0.35249522
 0.34458902 0.35043889 0.34875968 0.35076517 0.35924006 0.37250015
 0.3963536  0.45013335 0.42835742 0.42402425 0.39146483 0.35686901
 0.3405436  0.3636722  0.35929194 0.35216784 0.33687299 0.35629737
 0.33888984 0.35712472 0.37532526 0.35937709 0.34974289 0.34171849
 0.34146908 0.3388871  0.34641704 0.35684031 0.33334094 0.3372286
 0.34264201 0.33184552 0.34979653 0.34402359 0.33814743 0.32926181
 0.33103922 0.33062306 0.32621107 0.33350205 0.33485797 0.32239783
 0.33273676 0.33281451 0.32944199 0.3245101  0.33440912 0.32341349
 0.32584119 0.33814675 0.32792953 0.33377662 0.34702566 0.32931954
 0.3317214  0.32865062 0.3166236  0.32229802 0.31736299 0.32741764
 0.33835912 0.32723203 0.33861801 0.33392808 0.34247676 0.32008946
 0.31887662 0.32194784 0.34484509 0.31315267 0.32679051 0.32892373
 0.3118518  0.34968683 0.31935576 0.32561153 0.32110533 0.30822691
 0.31881833 0.31461331 0.31158507 0.30599064 0.30716234 0.31020057
 0.30920294 0.31139228 0.31110442 0.31427103 0.31537575 0.30862013
 0.3186132  0.3362219  0.33425882 0.32333821 0.32675821 0.31740639
 0.3192966  0.30191562 0.3130776  0.30962014 0.31226745 0.31799307
 0.31533587 0.30946663 0.31148076 0.32709131 0.32981023 0.31103081
 0.31769285 0.30533645 0.31194925 0.30186033 0.31903982 0.30306536
 0.29701251 0.29818001 0.30965194 0.30908784 0.29805884 0.30603325
 0.2959626  0.30211228 0.29918742 0.29705667 0.30311191 0.30779773
 0.30337542 0.2943891  0.30381063 0.30442449 0.30324876 0.2946167
 0.31161731 0.2993944  0.30908492 0.32985103 0.30774119 0.28981349
 0.29547015 0.28824073 0.30007684 0.29146883 0.32062218 0.32720777
 0.33103925 0.31414786 0.33221048 0.33915544 0.30315453 0.30184996
 0.28838256 0.28945225 0.2879388  0.28356189 0.28611422 0.28090343
 0.28089541 0.28316554 0.28582448 0.28846228 0.28161687 0.28163981
 0.27622512 0.27852648 0.28738612 0.28416014 0.29525894 0.28598744
 0.28143695 0.27500314 0.27991727 0.27536303 0.27432856 0.27284437
 0.29612508 0.27546462 0.27692583 0.28973356 0.28664047 0.27413476
 0.27299163 0.28254896 0.27949092 0.29749337 0.27536097 0.29034474
 0.29081801 0.27363175 0.27662569 0.28356561 0.29190001 0.29512259
 0.28666276 0.28381908 0.28014991 0.27404153 0.27351534 0.26821205
 0.27041844 0.27524424 0.27282628 0.2667084  0.26877603 0.26848918
 0.26891643 0.26709318 0.26655024 0.26739207 0.2700997  0.27143064
 0.27111459 0.27353746 0.26729941 0.28236952 0.29430336 0.27316657
 0.27454713 0.27383956 0.27697495 0.27789801 0.26246956 0.26218495
 0.26215377 0.27014735 0.26433501 0.26165712 0.26022375 0.25854778
 0.25982645 0.2618314 ]
E for  14 selected participants in secure selection:   acc- 98.3000
loss:  [2.27109289 2.22435355 2.14564872 2.01450849 2.23295569 2.25520086
 2.14886665 2.02556229 1.96341562 1.99250901 2.1979537  2.06420183
 1.71757972 1.47869849 2.47715807 3.00306988 2.30299115 2.29808307
 2.29123831 2.2854538  2.28154683 2.26647425 2.24838519 2.22168541
 2.18373537 2.11578369 2.03136539 2.23757148 2.12195826 1.883744
 1.8777051  3.64067817 2.28687263 2.27219605 2.55303836 2.31184554
 2.3094337  2.30268145 2.28826332 2.27535772 2.25455332 2.21254849
 2.21085    2.29063869 2.28880835 2.23203325 2.17030954 2.07405257
 1.91100895 1.66064298 1.83394277 2.26036501 2.20868897 1.85739338
 1.76060212 1.46526062 1.59620786 1.36031985 1.71065199 1.25192368
 0.89168984 1.51784015 1.68954742 1.84562731 1.41131926 1.19405282
 0.86173093 1.08122551 0.96011728 1.04903817 0.73315084 0.53304303
 0.47843468 0.53528321 0.74916017 0.60649693 0.47940928 0.69655991
 0.5240193  0.71449375 0.58741075 0.52054924 0.4087967  0.55990982
 0.66788149 0.57012361 0.34556046 0.30843294 0.29794636 0.29740348
 0.30299464 0.29524395 0.40852234 0.52277976 0.35718724 0.31939203
 0.25794747 0.28847113 0.34859946 0.48878598 0.36628768 0.28916612
 0.27645472 0.25960022 0.29230523 0.22782737 0.2244155  0.21633692
 0.2704775  0.21438923 0.20699523 0.24222307 0.24199663 0.20028298
 0.19682065 0.25154498 0.29607797 0.24729556 0.19296937 0.22270632
 0.20439649 0.20337915 0.19992179 0.18003939 0.19194175 0.181981
 0.19089916 0.22668637 0.19849235 0.19605657 0.16830783 0.15633214
 0.17680544 0.17887187 0.18936099 0.17708921 0.21752076 0.31926292
 0.38986504 0.18367669 0.17838237 0.16005696 0.15324578 0.15335011
 0.15134792 0.14893693 0.16132477 0.1616983  0.23509488 0.37910929
 0.25532472 0.24118397 0.19220176 0.14859805 0.14517121 0.13989727
 0.13308412 0.13234006 0.13809448 0.14389238 0.14239691 0.14745781
 0.14207713 0.14615391 0.15614912 0.14143977 0.15550263 0.13209638
 0.14713784 0.13594653 0.15122321 0.12424789 0.12958144 0.16583796
 0.13466884 0.12552916 0.13434067 0.12323241 0.12562345 0.12100223
 0.14777964 0.13691191 0.12891738 0.11436301 0.11937808 0.11193991
 0.10967211 0.12702817 0.11702898 0.11560814 0.10749578 0.12644009
 0.17494678 0.22620234 0.12440959 0.11705203 0.11731896 0.12309793
 0.10480283 0.10795237 0.09992851 0.1054628  0.10115143 0.10675502
 0.10610005 0.10311124 0.11320801 0.10285617 0.09853708 0.11349168
 0.1213028  0.15421568 0.17472093 0.506805   0.56482166 0.55786622
 0.47756016 0.23214485 0.14572787 0.13171485 0.12803525 0.13299179
 0.12616572 0.1275543  0.11382913 0.10898263 0.10818629 0.10267505
 0.10400136 0.11041748 0.12146515 0.11330394 0.10562029 0.09777532
 0.09989566 0.09380049 0.0980416  0.0984313  0.09607732 0.09852818
 0.09342451 0.09980457 0.11371138 0.11868546 0.09660096 0.10742404
 0.09756617 0.09135365 0.09007689 0.08591922 0.09434558 0.09197311
 0.08882261 0.08340396 0.08821508 0.09878582 0.087518   0.08352415
 0.08581599 0.09408287 0.12946977 0.10052213 0.09189624 0.08095407
 0.08274765 0.08729047 0.08819558 0.08244339 0.08253478 0.08067615
 0.07881126 0.08642773 0.07931646 0.09509564 0.07971171 0.07777008
 0.08927592 0.07956198 0.09085594 0.0842346  0.08262629 0.08031798
 0.08216402 0.07988926 0.08838355 0.09319463 0.08035134 0.08411014
 0.08003279 0.10428138 0.10157928 0.08752267 0.08023955 0.07658482
 0.07771841 0.07498793 0.07838645 0.07463194 0.07388432 0.07900348
 0.07263667 0.07330115 0.0794741  0.07828068 0.07344343 0.07949223
 0.07151087 0.07341169 0.07356568 0.07272638 0.08431616 0.08554751
 0.08931634 0.0834315  0.07732336 0.06939466 0.08748828 0.07005482
 0.07629204 0.08684176 0.07948048 0.07954996 0.0709513  0.06875911
 0.08411233 0.07165155 0.07040532 0.06909847 0.06624798 0.06956929
 0.06852038 0.07502608 0.07106378 0.08904395 0.06636509 0.06844234
 0.0731713  0.08184087 0.08713517 0.07800622 0.07280874 0.07153147
 0.07318006 0.06825433 0.06936707 0.06839804 0.07353434 0.0704123
 0.07032303 0.06818447 0.06488636 0.06979923 0.07436255 0.09054182
 0.06711011 0.06709793 0.06677064 0.06923611 0.07688532 0.06331857
 0.07095069 0.06783891 0.06304085 0.06884351 0.07368013 0.08204904
 0.07363404 0.06739412 0.06476557 0.06489245 0.07070883 0.07524145
 0.06868654 0.07081438 0.07184943 0.07743852 0.06730272 0.06370942
 0.06333844 0.06310419 0.06710864 0.06531082 0.06273086 0.07244422
 0.06846814 0.06114969 0.06456339 0.06462695 0.06321198 0.06425744
 0.07947445 0.08033313 0.06817066 0.06072171 0.06284559 0.06640688
 0.07744576 0.06861148 0.06728499 0.07037035 0.07848059 0.0654363
 0.06374633 0.06509925 0.06229053 0.06322441 0.06536045 0.06475653
 0.06424057 0.06134746 0.06192162 0.06123625 0.08373532 0.09773394
 0.06563908 0.06986294 0.06806383 0.06488886 0.07507945 0.06864558
 0.06176983 0.0600153  0.0685845  0.0753592  0.06318317 0.06181121
 0.05785114 0.05750548 0.07521574 0.07195538 0.06201448 0.06715669
 0.06694847 0.05701293 0.06687044 0.05520086 0.0543422  0.05699122
 0.0560531  0.05415143 0.05887795 0.06172206 0.06500148 0.06449365
 0.07149875 0.05471811 0.05560374 0.0558073  0.06607306 0.057814
 0.05853696 0.05461332 0.05511221 0.0596432  0.05737042 0.05690455
 0.05527605 0.05669997 0.05865783 0.05973323 0.06292973 0.05868173
 0.06825235 0.06600744 0.05950366 0.05321313 0.05893007 0.07801454
 0.06049739 0.06024468 0.06261864 0.05953165 0.06513911 0.08233412
 0.05759917 0.05476031 0.05400914 0.05830589 0.0644224  0.06040625
 0.06327727 0.07136233 0.05925237 0.05910623 0.05237631 0.06392096
 0.1107106  0.10391635 0.06427808 0.05455749 0.05738194 0.05467369
 0.05992917 0.05776102 0.06159586 0.05823428 0.05525202 0.05797815
 0.06327976 0.05510844]
