E for  6 selected participants in secure selection:   acc- 97.2000
loss:  [2.26163316 2.22633147 2.1668117  2.04449582 2.3446629  2.34875083
 2.26790595 2.21103621 2.12955284 1.97669923 2.22688341 2.23940969
 2.1381166  2.03977489 2.11110353 1.70527577 1.6248219  3.66644216
 2.30866671 2.29324079 2.28581357 2.28054237 2.25997472 2.22270775
 2.20012474 2.24909019 2.09677958 1.92465568 2.05801225 2.69250965
 2.31722784 2.30570889 2.29966211 2.29251266 2.28529429 2.27980256
 2.26044488 2.24851418 2.20312262 2.15736127 2.04491591 1.93786049
 3.27278924 2.31543899 2.30477381 2.29537749 2.28973651 2.27844024
 2.27211785 2.26452136 2.28759074 2.24292469 2.21918964 2.18624401
 2.17195439 2.06630731 1.8922646  1.98013139 1.96056271 2.04087996
 1.93044806 1.98682463 1.48361254 1.58924627 1.54047191 1.32686365
 0.83496785 2.58165526 2.29251933 2.24971199 1.95545316 2.12183928
 2.10203815 2.09963989 2.26184344 2.04623604 1.85113883 1.6076287
 1.2366612  1.31776762 1.21028423 1.44629169 3.30115438 2.35190129
 2.32268906 2.30804992 2.29899621 2.2781508  2.28024077 2.25150537
 2.31829667 2.27284408 2.19605613 2.23929834 2.3230679  2.17662334
 2.09678292 2.1049366  2.22475052 2.53018928 2.23932838 2.14935732
 2.03522229 1.90270817 1.79041266 1.78274369 1.41718793 1.51936138
 1.4192611  1.32242799 1.21145833 1.50901783 1.18850029 0.95028788
 0.99634647 1.05330455 1.24915588 0.8584879  0.670353   0.91680843
 0.71467239 0.54760242 0.55105227 1.0008806  1.24233484 0.88828528
 0.5277406  0.55201125 0.58941919 0.52427077 0.38774291 0.39868116
 0.4290497  0.63052118 0.44592568 0.4461872  0.36634538 0.38428697
 0.39285919 0.44590449 0.40108258 0.3265194  0.36185431 0.61667478
 0.46441767 0.40833175 0.398913   0.39614579 0.37050721 0.37282455
 0.3267923  0.36283448 0.27224997 0.27120006 0.29614469 0.29769868
 0.27117696 0.28487217 0.23321055 0.2588959  0.34020543 0.46063876
 0.62940419 0.41027305 0.26959372 0.24454346 0.23320989 0.2354632
 0.25480527 0.25671554 0.25369284 0.22591101 0.22185518 0.22489561
 0.21526538 0.26688874 0.20372002 0.20887806 0.26438868 0.21817517
 0.19213423 0.20251285 0.19916148 0.20206456 0.22689773 0.26221541
 0.23107983 0.22890872 0.21315205 0.20341551 0.19255373 0.19318487
 0.2464598  0.22029936 0.23129302 0.21996607 0.21753515 0.2010434
 0.24455203 0.19905519 0.2002179  0.17298438 0.18627279 0.18019897
 0.16361468 0.1882688  0.18529196 0.24109262 0.19055384 0.25956005
 0.1743508  0.20480759 0.17205106 0.19683185 0.22280613 0.17840749
 0.15238352 0.1598746  0.1705386  0.18214881 0.18373968 0.17385159
 0.16347928 0.16492876 0.17108731 0.17305119 0.23988618 0.2270105
 0.38572565 0.69947928 0.86137813 0.75677854 0.40069696 0.25447798
 0.2452601  0.21605314 0.22391856 0.20259705 0.19579028 0.19821835
 0.19377236 0.19736536 0.18336511 0.18873855 0.19216011 0.172829
 0.17890717 0.17585166 0.16773051 0.18374182 0.19141194 0.17168383
 0.16149049 0.16011375 0.17439584 0.1743032  0.17104702 0.1669375
 0.16603121 0.17028275 0.18818629 0.15135729 0.14876111 0.15447752
 0.14773107 0.18079467 0.21490008 0.15388899 0.1466374  0.15542723
 0.16498123 0.16524801 0.16559786 0.14470443 0.14170194 0.14757608
 0.14672424 0.15739454 0.1581098  0.17786311 0.16595916 0.13992505
 0.14439844 0.147154   0.15461361 0.13311197 0.14087243 0.13927482
 0.16434044 0.15709461 0.14414617 0.17202474 0.17257152 0.14531101
 0.12582712 0.12839699 0.13400106 0.12583928 0.14495032 0.12516735
 0.11906963 0.14794306 0.12962802 0.13070059 0.12958811 0.12509389
 0.14147    0.14298315 0.14183389 0.15322137 0.14082274 0.12797551
 0.12106399 0.1430936  0.15714058 0.1538624  0.11992699 0.15222171
 0.1258626  0.121335   0.12135076 0.12803048 0.11816054 0.11372352
 0.13891119 0.11991182 0.12252168 0.15277705 0.17251429 0.17217331
 0.1494375  0.12769368 0.12320474 0.12164272 0.1191467  0.12325531
 0.13623925 0.1300309  0.13416219 0.14381956 0.11425061 0.11612757
 0.11962095 0.11615499 0.11763157 0.15895529 0.15700525 0.13304274
 0.12658086 0.11678433 0.11437359 0.11684284 0.13215156 0.12034637
 0.11671997 0.13651845 0.11797577 0.13293096 0.11873844 0.12439365
 0.11692428 0.16312356 0.14023559 0.13300833 0.1115949  0.11690778
 0.11044592 0.11243244 0.10958607 0.12585224 0.11262095 0.13030899
 0.10708871 0.13338409 0.16919342 0.16827124 0.16242746 0.31378195
 0.30485299 0.15977708 0.12200444 0.11927882 0.11160145 0.11077227
 0.11875828 0.11173174 0.10477828 0.12051134 0.11641974 0.12093659
 0.11341294 0.11491247 0.11604563 0.11188175 0.10711764 0.11039286
 0.16892385 0.11254422 0.11559439 0.14004986 0.10943275 0.12581065
 0.1236901  0.10556986 0.10874696 0.11882082 0.10367139 0.10853827
 0.10765783 0.1288987  0.1152004  0.10125138 0.10460121 0.1076083
 0.10084745 0.10724848 0.10157049 0.10245856 0.1007269  0.10539632
 0.12083255 0.10663594 0.104938   0.16040908 0.16857857 0.21327239
 0.13264786 0.12926623 0.10476092 0.10508721 0.11288743 0.11697164
 0.14989059 0.1061505  0.10209171 0.101923   0.10155252 0.10106947
 0.10239901 0.10941657 0.10770436 0.09863146 0.10598887 0.10665453
 0.11006794 0.10570663 0.09580871 0.09376791 0.10054652 0.09647057
 0.09321387 0.09031241 0.09805283 0.10243165 0.09043292 0.11812659
 0.10609043 0.11079128 0.09580936 0.10346527 0.10106499 0.1240079
 0.11650793 0.10284861 0.09875853 0.09752322 0.09137103 0.10298352
 0.10070326 0.09644917 0.09336768 0.10709504 0.09920672 0.09685275
 0.09088595 0.09756945 0.08940306 0.09341531 0.11049739 0.11001089
 0.09711909 0.09101518 0.09867872 0.09128552 0.10289034 0.09145296
 0.09813336 0.11736852 0.09771659 0.09704613 0.09803754 0.12055425
 0.10413747 0.09500829 0.09625041 0.09717551 0.09035747 0.10306239
 0.09051562 0.08926927]
E for  8 selected participants in secure selection:   acc- 93.5400
loss:  [2.2584331  2.21525455 2.14022565 2.1279521  2.09966779 2.06506324
 1.85538852 2.21618128 2.19197893 1.99663949 1.72149801 3.70555234
 2.40176535 2.28940153 2.24609327 2.21316886 2.12922525 2.02354693
 2.16926885 2.20564747 1.90182066 1.5726316  4.43398237 2.49717331
 2.32683802 2.31451344 2.30002999 2.29032803 2.28186154 2.2702477
 2.26315498 2.23859739 2.21002626 2.15216255 2.07191157 1.93144941
 2.07610083 2.10182691 2.05755305 1.74817204 2.35936213 1.96104145
 1.7395674  1.81659043 1.39766049 1.08937144 2.59451938 2.18857002
 2.11102366 1.84876919 1.71211481 1.37886679 1.69331098 1.6938442
 1.23872042 1.90639985 2.11890221 2.22999096 2.20180082 2.27714229
 2.22397828 2.06854391 1.9988445  1.77946997 1.82408381 1.47603345
 2.1586194  2.41456079 1.86365056 1.64990056 1.48491597 1.28972578
 1.55656755 1.59157026 1.29903686 1.09660542 0.83125705 0.85001671
 0.97392029 1.09594202 1.00031805 0.67592317 1.00989473 0.81573957
 0.71278846 0.95916349 0.73634362 0.55227    0.51779497 0.56259263
 0.66687882 0.58054549 0.54065329 0.4058921  0.37706876 0.51625484
 0.75038975 0.50379109 0.34890899 0.33168429 0.51438498 0.69230235
 0.46389365 0.32535321 0.30767438 0.28063378 0.33248448 0.32441086
 0.36544991 0.40993491 0.47563931 0.34602907 0.26236582 0.31117931
 0.28415209 0.27502412 0.25242034 0.34192276 0.32847691 0.28947073
 0.3017244  0.31800845 0.24833669 0.21639185 0.21540362 0.23550262
 0.22604527 0.29097179 0.42262197 0.31429425 0.25177386 0.21904534
 0.19722442 0.20145161 0.18888156 0.19362129 0.18672562 0.19749412
 0.2173834  0.17903173 0.25636369 0.27522829 0.35568178 0.2647076
 0.19615562 0.18496247 0.17939597 0.20035361 0.31170249 0.20599882
 0.17226286 0.1671311  0.15920497 0.17861234 0.20103508 0.16277486
 0.22311382 0.21759309 0.38544765 0.29193655 0.18972196 0.21607551
 0.21398792 0.23396331 0.19199498 0.23417303 0.23344842 0.18489678
 0.17037997 0.17692401 0.18802585 0.22071937 0.20788409 0.15777457
 0.15873186 0.1572427  0.17290793 0.1661704  0.15475869 0.15423399
 0.15543984 0.15273355 0.14197774 0.1406091  0.14343306 0.14381887
 0.14539546 0.12903439 0.1284145  0.13133086 0.13406368 0.1331846
 0.13609414 0.1253646  0.14996488 0.15137485 0.17184262 0.17690592
 0.20235974 0.19393472 0.13195315 0.13687512 0.14148818 0.15486492
 0.16342488 0.15167803 0.14485024 0.12878849 0.14827593 0.16319293
 0.18185414 0.22228611 0.13697281 0.12613031 0.11998197 0.114586
 0.12108119 0.15243419 0.14789928 0.13233151 0.11789724 0.14790261
 0.16882074 0.1287531  0.12710255 0.11943444 0.12388317 0.13896021
 0.13177237 0.14228073 0.1243223  0.12108783 0.12532055 0.1215627
 0.15056612 0.13064228 0.12249764 0.1095736  0.1355693  0.11926396
 0.14495298 0.11901844 0.11389907 0.12219588 0.13350639 0.11529154
 0.11223097 0.12106937 0.13176434 0.11602194 0.11367662 0.10497355
 0.10554497 0.10721102 0.12309723 0.10345774 0.10589443 0.11033975
 0.1192723  0.10565103 0.11276398 0.10328313 0.11751814 0.10953382
 0.11725838 0.12054735 0.10050926 0.13725103 0.14125837 0.10386765
 0.11050471 0.11263751 0.10924522 0.09931643 0.10270569 0.12524779
 0.09963553 0.09516344 0.10897987 0.1192221  0.10677639 0.0982903
 0.10065025 0.11051018 0.11774401 0.09917941 0.10297151 0.10995182
 0.13913172 0.12583685 0.11108904 0.10259897 0.11812397 0.11120592
 0.11853856 0.09827144 0.09936042 0.10208533 0.09448865 0.11234274
 0.09140728 0.09822568 0.10381516 0.08942941 0.09752008 0.09408847
 0.08980478 0.09749059 0.18487701 0.10623819 0.10582208 0.10009979
 0.10314309 0.09744454 0.09864905 0.1032345  0.0932776  0.09518284
 0.09255601 0.10787529 0.09685356 0.09785468 0.10542119 0.09807318
 0.09350209 0.09739825 0.11023582 0.10212976 0.08418853 0.1000954
 0.1026583  0.12308622 0.15890278 0.17484595 0.11052662 0.11750686
 0.09913715 0.08558564 0.08681928 0.0935938  0.08893746 0.08548182
 0.08596925 0.09021917 0.08739737 0.08695436 0.09304047 0.1064086
 0.08769485 0.08787315 0.08581762 0.09408823 0.09778579 0.08671723
 0.09019686 0.10302229 0.08629947 0.08370876 0.08483113 0.08396471
 0.08050498 0.08554048 0.09092088 0.12312309 0.11839363 0.08832707
 0.09456439 0.10297377 0.09417199 0.09447172 0.08145335 0.08306374
 0.08281808 0.09749769 0.10724557 0.08906118 0.0835458  0.08692519
 0.09027684 0.08418124 0.07540919 0.08600655 0.0861342  0.0885579
 0.10070743 0.08063243 0.10208755 0.11189657 0.10432769 0.08433936
 0.07826574 0.09061878 0.10691447 0.09543831 0.08366943 0.08662272
 0.07806191 0.10942148 0.08702619 0.09636681 0.1191689  0.42359355
 1.06592202 5.52828693 2.54798603 3.73767567 1.76448393 2.0232296
 2.95196676 2.22438216 1.8844111  1.57424116 1.38271928 1.24440825
 1.16897082 0.98588955 1.12342453 1.28677011 1.31265378 1.10800374
 1.33083129 0.90713292 0.81087923 0.72728842 0.78617197 0.83366424
 0.75729519 0.94030559 1.19396412 0.79690295 0.58597839 0.59943789
 0.84234238 0.72922075 0.63796771 0.62077099 0.72856379 0.5353471
 0.47809428 0.46928462 0.53468013 0.68710566 0.59760696 0.42604092
 0.41905567 0.43042445 0.43843922 0.39500153 0.48034751 0.53192818
 0.59019172 0.38717428 0.36329165 0.36251223 0.35706469 0.33658433
 0.48149303 0.83853662 0.51316643 0.40606612 0.33917403 0.32805672
 0.40157318 0.35031    0.32070479 0.30821863 0.30381513 0.30128863
 0.35036752 0.33090332 0.34426841 0.27859613 0.30991748 0.35940278
 0.3296169  0.32704994 0.24098007 0.247758   0.26223728 0.31039748
 0.25307205 0.23220466 0.2465899  0.23107232 0.22231123 0.24406089
 0.22688331 0.28078055 0.41767412 0.32202676 0.24132361 0.23605572
 0.22460975 0.20661907 0.1985973  0.19873643 0.20328471 0.19015682
 0.19934854 0.20169984]
E for  10 selected participants in secure selection:   acc- 97.4400
loss:  [2.26405764 2.23349047 2.17477822 2.09235907 2.02875257 2.41564131
 2.27398658 2.20355463 2.0899713  1.95294809 1.9925586  2.18978024
 1.98459804 1.59583497 2.2520411  2.22431874 2.12703896 1.85468221
 1.51017046 1.46578825 2.13605499 1.96381664 1.5880022  1.22221112
 3.28047061 2.277318   2.10202384 1.85187972 1.67947733 1.66669178
 1.88492227 1.56113529 1.34510064 3.4636519  2.30055714 2.24969935
 2.17716789 2.05664396 1.86652994 1.60690522 2.24009347 2.58201456
 2.27552414 2.20863318 2.12465429 2.11752915 1.92551935 1.82575607
 1.5814389  1.41327405 1.24786413 1.68678296 1.28317511 0.90235412
 1.0788058  1.08961773 1.4070493  0.8671385  1.04547417 1.49028206
 1.26430392 0.91442686 0.58775496 0.52975941 0.78653991 0.58404773
 0.47742543 0.53625405 0.64309192 0.56452829 0.34546793 0.32430086
 0.35191151 0.46565267 0.62907124 0.86681008 0.56626517 0.38915181
 0.32069659 0.29007772 0.27958348 0.26932392 0.25163269 0.26198137
 0.26510882 0.23308887 0.30489793 0.2473471  0.24474409 0.26388264
 0.43307015 0.33818787 0.29177967 0.26723737 0.27063492 0.24983747
 0.23102659 0.22184385 0.21465696 0.21472058 0.20418535 0.2092564
 0.2249601  0.20531011 0.19035546 0.17548943 0.19371417 0.19190471
 0.19843288 0.18011424 0.18503931 0.17499673 0.18261591 0.19425255
 0.22960784 0.21925686 0.18062645 0.19718179 0.1861272  0.17863986
 0.16927041 0.18838891 0.23964547 0.45206675 0.18513824 0.17427967
 0.16106616 0.1600161  0.16023239 0.15878655 0.16025048 0.15255208
 0.15011452 0.15647219 0.14898334 0.15086336 0.18525811 0.16528985
 0.15881233 0.15154849 0.15868111 0.16053769 0.18337651 0.15735111
 0.16131493 0.17342982 0.16902772 0.15736622 0.14994556 0.15835702
 0.18082416 0.13739395 0.14798425 0.14176086 0.15241329 0.13110211
 0.14511295 0.15918092 0.1411057  0.14833041 0.13619423 0.16001295
 0.12829217 0.1508867  0.15247174 0.14059918 0.13254891 0.13463619
 0.12765542 0.12827615 0.12709494 0.12107888 0.15356848 0.1329464
 0.1378608  0.13070172 0.13260117 0.12605685 0.13688545 0.11992714
 0.12738433 0.13455875 0.11302588 0.12788323 0.11569602 0.11862468
 0.11645647 0.1291493  0.14906086 0.18651871 0.2024423  0.24410154
 0.21809995 0.24885674 0.31111225 0.2955848  0.21856174 0.14072858
 0.14008464 0.13601196 0.12777191 0.12688175 0.12136122 0.11649416
 0.12135489 0.13759109 0.1264185  0.1140013  0.1118577  0.1207438
 0.12586533 0.13369814 0.12050854 0.11152333 0.11496659 0.10904203
 0.11616133 0.11091174 0.11153848 0.1076249  0.10615406 0.10978181
 0.11777403 0.10863885 0.10788031 0.10548325 0.1015887  0.09837508
 0.09983341 0.10098758 0.10043627 0.09867641 0.09894458 0.10420133
 0.10767093 0.12199962 0.15082254 0.1781179  0.15094659 0.10393488
 0.0992447  0.09725576 0.10691758 0.10206467 0.11019261 0.10214772
 0.10840426 0.10879098 0.11225954 0.10391737 0.10777015 0.10530951
 0.10493076 0.10882895 0.09999989 0.10652515 0.12844308 0.10520042
 0.11723114 0.11562896 0.09793839 0.09669881 0.1032912  0.0983119
 0.09599579 0.10568883 0.10524448 0.09449807 0.09338576 0.08847693
 0.09113127 0.09961563 0.10988473 0.0958516  0.0905996  0.09407984
 0.10400608 0.11317094 0.10208564 0.09516022 0.09037282 0.13503791
 0.12655434 0.11356532 0.10441712 0.09243777 0.09076695 0.09548165
 0.09056263 0.09988704 0.09638046 0.09568401 0.09020474 0.10486685
 0.09380811 0.09753719 0.09042056 0.08868526 0.10137269 0.12947184
 0.16032521 0.17032401 0.09360914 0.09857886 0.09147352 0.09770413
 0.09630957 0.09534275 0.08356124 0.10235297 0.08287614 0.09403358
 0.09282877 0.08485056 0.09102781 0.09058139 0.08520594 0.08681484
 0.0877162  0.08789723 0.09026746 0.0816437  0.09074917 0.0911822
 0.08642619 0.08811963 0.09251153 0.08629763 0.09214559 0.08410012
 0.08268221 0.08777544 0.09069821 0.12381685 0.14517143 0.0955018
 0.08809461 0.08989808 0.08092053 0.08605165 0.09030764 0.09150907
 0.08202803 0.11247688 0.11243197 0.10472909 0.08095732 0.08159623
 0.08573015 0.08472016 0.0907953  0.08460169 0.08242232 0.08875713
 0.08663056 0.07836251 0.07701325 0.09704936 0.07459703 0.07645117
 0.07372292 0.07831497 0.07791786 0.07554504 0.08514243 0.08248448
 0.11304292 0.11037416 0.10142932 0.09116053 0.08923939 0.08099316
 0.08036613 0.08577538 0.07404146 0.0741396  0.0832433  0.07989655
 0.08611517 0.08828245 0.07632814 0.07317633 0.0766362  0.07922165
 0.08518489 0.07954729 0.07194652 0.07374309 0.07740917 0.07074723
 0.07860918 0.07333669 0.0801347  0.07980133 0.0733607  0.0713371
 0.0725081  0.08081847 0.07609727 0.0765829  0.07098965 0.07185542
 0.07157252 0.07425943 0.07241141 0.08278958 0.07383785 0.07189231
 0.08760452 0.07288085 0.07478458 0.08645501 0.08031421 0.08950888
 0.07016412 0.06942882 0.08615743 0.08608319 0.07882205 0.0820778
 0.0751214  0.08114085 0.07369    0.08193971 0.09335911 0.09487984
 0.07376577 0.07400879 0.07826764 0.08913441 0.06999931 0.10286263
 0.16538189 0.09295703 0.09698069 0.09378469 0.09025892 0.07489637
 0.07372573 0.07272127 0.07515354 0.08053243 0.07814071 0.07140592
 0.07626601 0.09545533 0.06908165 0.07376286 0.07028863 0.07283693
 0.07203228 0.08845026 0.08954167 0.0702109  0.07813974 0.07960198
 0.07788848 0.07305675 0.07777321 0.07414977 0.09441793 0.26299587
 0.5420934  0.6140157  0.25508419 0.16613682 0.12219168 0.11629012
 0.10360978 0.09938155 0.09712765 0.09285299 0.08932259 0.09721904
 0.10515758 0.08568699 0.08819427 0.09054729 0.08864085 0.0865989
 0.08742686 0.08703679 0.0849142  0.08720145 0.08263335 0.07851635
 0.08195977 0.07987149 0.08074041 0.0768773  0.07519209 0.07338004
 0.07584874 0.07245496 0.07878865 0.07403248 0.08167396 0.07403335
 0.07358155 0.07646248]
E for  12 selected participants in secure selection:   acc- 98.1900
loss:  [2.2570343  2.21145177 2.14062238 2.03041458 2.41968203 2.27782321
 2.23128986 2.15859532 2.01276422 1.75469041 2.69963932 2.19652915
 2.04439974 1.83513534 1.68472016 2.87976623 2.29354906 2.27457833
 2.24996161 2.20954537 2.14699221 2.04675555 1.89290631 2.21994805
 2.16680026 1.82630742 1.69488442 2.26345658 2.26353884 2.15739512
 2.02201653 1.80228126 1.84517789 1.46653032 1.45275795 1.36671352
 0.93176758 1.15826988 1.59670973 1.61178756 1.02100444 0.93424404
 0.72087365 0.87074983 0.90576047 0.78901714 0.58285648 0.42682606
 0.40505442 0.4394789  0.56245708 0.99727517 0.95477146 0.61530316
 0.42162445 0.35649103 0.314942   0.32259151 0.54325092 0.47685772
 0.36496413 0.30898339 0.30535099 0.3269693  0.32622433 0.38190657
 0.31973502 0.27513981 0.25573531 0.22859581 0.22442064 0.21451384
 0.21030828 0.24027053 0.26920003 0.23805813 0.21572861 0.19261736
 0.18319209 0.19393396 0.23104498 0.27077186 0.27972278 0.22547901
 0.24917954 0.25984544 0.27524179 0.31121767 0.31545514 0.23276544
 0.18864846 0.17992632 0.17534883 0.16675915 0.17285578 0.17178375
 0.16041048 0.1563973  0.17681994 0.17887132 0.16786768 0.16155069
 0.17604461 0.15690432 0.15447113 0.16188236 0.17090778 0.24653067
 0.29660201 0.19241554 0.15060425 0.15647985 0.15026544 0.13769951
 0.1437861  0.13703637 0.1484084  0.17189363 0.1405175  0.12382013
 0.13202675 0.13165064 0.13619557 0.14955413 0.16244267 0.16367175
 0.16955239 0.1562402  0.1344306  0.12978278 0.11903792 0.12873198
 0.12993842 0.12823568 0.13243712 0.13629454 0.12186377 0.11377903
 0.10992065 0.11460862 0.10880917 0.12800394 0.10803913 0.11589679
 0.1088315  0.10813973 0.12360688 0.12334398 0.1041371  0.11156001
 0.11368337 0.13629381 0.14084776 0.14353101 0.12147298 0.1304961
 0.21120618 0.26667139 0.30640399 0.28512701 0.35697272 0.18355152
 0.12306173 0.11546704 0.11318253 0.11059479 0.10902464 0.11111712
 0.10757643 0.10501938 0.09989191 0.10458928 0.10072079 0.10567477
 0.10493407 0.0994645  0.09703886 0.10153358 0.10217893 0.10092219
 0.09693908 0.09761067 0.1054291  0.12418519 0.12488512 0.09016832
 0.09440897 0.08924887 0.09287071 0.10259134 0.0967068  0.08999467
 0.08639196 0.09339871 0.11524208 0.09519233 0.09047907 0.0870398
 0.08526818 0.08454586 0.08302111 0.10058423 0.08679087 0.0863986
 0.08892588 0.11342589 0.12438995 0.09476683 0.08841141 0.08770094
 0.0853323  0.09051815 0.0950656  0.09068147 0.09186303 0.08731814
 0.09712614 0.08149218 0.08922179 0.08339489 0.08282041 0.07920283
 0.08399517 0.08207993 0.08596344 0.07673642 0.09478996 0.07746527
 0.07632145 0.0792179  0.07669163 0.07619204 0.0841464  0.07844289
 0.08810126 0.08120492 0.08870984 0.08339812 0.08140138 0.07700303
 0.07726262 0.07618856 0.08593293 0.08758862 0.07722063 0.07627545
 0.07839822 0.08872098 0.09334093 0.09436376 0.11659987 0.14249806
 0.1217432  0.08080465 0.08469723 0.08019301 0.08394353 0.07419395
 0.07447121 0.07412986 0.07355096 0.07013886 0.0709992  0.07816405
 0.0714578  0.06972071 0.06871551 0.06991166 0.07460633 0.06826784
 0.06680111 0.07205445 0.0789756  0.07360956 0.07342634 0.07206208
 0.07566637 0.06866041 0.06670128 0.07525669 0.07934679 0.07096881
 0.07480887 0.07862458 0.06673379 0.06570419 0.07294297 0.06751469
 0.06604193 0.0627033  0.06966176 0.06892004 0.08566818 0.07495387
 0.07718603 0.06774732 0.08125339 0.07558639 0.07896475 0.06701644
 0.06389032 0.06692338 0.06283212 0.06210206 0.06767274 0.07235637
 0.06332647 0.06749602 0.06299822 0.08130263 0.0638769  0.05969083
 0.06632946 0.07965824 0.07570194 0.06309853 0.0683412  0.07142906
 0.06247965 0.06483687 0.06002988 0.06510474 0.05932126 0.06112801
 0.06063616 0.05762104 0.07098626 0.06072103 0.06582098 0.06327615
 0.07415476 0.05885612 0.06347801 0.06169923 0.09346732 0.14612076
 0.15376012 0.18492085 0.06943233 0.06374137 0.07037742 0.06416859
 0.06945845 0.0631116  0.05969017 0.05761733 0.05609658 0.05810915
 0.05957615 0.06044977 0.06270094 0.06618862 0.0617767  0.06001071
 0.05637378 0.06235158 0.05650474 0.05566    0.05683357 0.0578528
 0.05274608 0.05656001 0.07809679 0.05819181 0.05848362 0.05436645
 0.06283507 0.05363823 0.0576121  0.06633907 0.06004991 0.06178303
 0.05761125 0.05535246 0.05607603 0.06513314 0.06875473 0.0964627
 0.12786464 0.07632188 0.05660631 0.05354382 0.06095679 0.06044243
 0.0577532  0.06019223 0.05726369 0.05615679 0.05397971 0.05597492
 0.05380333 0.05976289 0.05707408 0.05576726 0.06345201 0.06383602
 0.05304836 0.05773401 0.08138462 0.06498104 0.05282844 0.05387593
 0.05440928 0.05319354 0.05873004 0.05352654 0.05297536 0.05569292
 0.05689017 0.05220236 0.0622127  0.05303225 0.05157226 0.05057605
 0.0539032  0.0544155  0.05090635 0.05276788 0.05103388 0.05573134
 0.06878687 0.06247194 0.05849767 0.06035157 0.06170599 0.0541891
 0.05646593 0.05482801 0.04904855 0.05759484 0.05382711 0.05673249
 0.05620455 0.0573008  0.05218899 0.0535907  0.05318413 0.06194976
 0.05192816 0.05221279 0.05093839 0.05587458 0.05250449 0.05782798
 0.05553879 0.06266317 0.0517475  0.05087509 0.0509951  0.04888973
 0.04894441 0.05037056 0.05475466 0.05354376 0.04894184 0.05365153
 0.05405861 0.06132639 0.0764716  0.07180508 0.0770568  0.05495851
 0.05445897 0.05394989 0.05836023 0.05123071 0.05562061 0.0575785
 0.06108896 0.05304075 0.05976366 0.05890732 0.0527791  0.04937062
 0.05874728 0.05305209 0.05507398 0.05363369 0.04988473 0.05429007
 0.04811539 0.04768967 0.05322683 0.04974487 0.04904394 0.05148151
 0.04986806 0.0519198  0.04738444 0.05366518 0.05412242 0.04883993
 0.06222817 0.05507926 0.05435789 0.05261088 0.05192519 0.05170989
 0.05471443 0.05503013]
E for  14 selected participants in secure selection:   acc- 97.1600
loss:  [2.25968742 2.2116065  2.13553095 2.00113845 1.91738904 3.69620037
 2.30937409 2.29786158 2.29087377 2.28329515 2.27350831 2.25601506
 2.23181438 2.20094824 2.1315558  2.01862311 1.9534744  2.2452991
 2.16563916 1.92775393 1.50127578 2.73619795 2.39317489 2.27687335
 2.19792414 2.07346725 1.88185191 1.69350076 1.60621727 2.24459291
 2.00445437 1.73994517 1.42127788 1.07432187 2.91825056 2.0833993
 1.82063532 1.44348693 1.25316548 3.05508995 2.29585671 2.26099777
 2.20848775 2.1122508  1.9317894  1.78442693 2.13832331 2.10413313
 1.7211256  1.49734449 4.53281832 2.50598621 2.33032107 2.31923795
 2.29735017 2.26054192 2.17407298 2.00999951 1.80414116 1.54155469
 1.58617437 3.40824223 2.29217744 2.28248286 2.27054477 2.26039815
 2.23636079 2.22182369 2.17450857 2.16796422 2.11690116 2.00489402
 1.89119411 1.68966782 1.55905044 1.44653153 1.44612575 1.24326682
 1.06829619 1.91756558 1.82515836 1.53526402 1.31049347 1.20247662
 1.02108991 0.89204383 1.26592147 2.29081082 2.18110657 2.06049657
 1.65726602 1.33633804 1.16380394 1.05133796 1.25570035 1.27515054
 1.06991899 0.82821298 0.83884209 1.04439914 0.87067264 0.76299995
 0.67823726 0.79075217 0.8588534  0.76707733 0.68375349 0.59078622
 0.51243973 0.52059031 0.55479413 0.79034537 0.70226204 0.54667145
 0.49468043 0.49420479 0.4641273  0.55458617 0.90177619 0.63096672
 0.46756622 0.45975196 0.40600812 0.42739931 0.38595682 0.46512988
 0.36854118 0.3690961  0.39608532 0.49314159 0.51396167 0.49976903
 0.41837671 0.39204624 0.39643449 0.31267521 0.29310706 0.29034901
 0.30114132 0.3002609  0.35265464 0.5596624  0.38388878 0.34792477
 0.28753626 0.25917155 0.24565858 0.24862778 0.25622898 0.26013446
 0.27438915 0.3505705  0.25692105 0.31126311 0.28315809 0.3071931
 0.23909199 0.26961032 0.22713047 0.24000908 0.23014747 0.23415484
 0.22276697 0.21419637 0.23790853 0.33839515 0.35672367 0.29833046
 0.23236416 0.21726316 0.21496624 0.27206156 0.29422286 0.24185379
 0.20305209 0.20085245 0.20089705 0.21512756 0.23859565 0.24123074
 0.23221773 0.22506428 0.3390595  0.33929417 0.22246028 0.20396252
 0.22009397 0.19456704 0.2018016  0.23307908 0.23341258 0.21814443
 0.1843849  0.17947221 0.16667573 0.18123241 0.16790295 0.17313462
 0.1838287  0.1759814  0.19423582 0.20376143 0.17378864 0.16052598
 0.16364163 0.18341191 0.16785637 0.17068432 0.1610425  0.17748673
 0.20048963 0.20735537 0.22319634 0.19707802 0.19496191 0.16231559
 0.18461992 0.16030926 0.15293732 0.1521154  0.16787799 0.16337577
 0.15079689 0.18204091 0.17397645 0.22466888 0.23374104 0.20410568
 0.15510225 0.14943403 0.16427349 0.16878785 0.14697869 0.14181368
 0.14728284 0.15735872 0.14389548 0.13906293 0.14124875 0.13415124
 0.14211723 0.14842264 0.14751481 0.15041509 0.13406233 0.14134733
 0.13882929 0.14582761 0.15671374 0.14035916 0.13987391 0.14874734
 0.13970165 0.1439095  0.17807841 0.13650866 0.13070129 0.13451315
 0.13038026 0.12204845 0.15186636 0.12553017 0.14095923 0.14782001
 0.12673776 0.1208385  0.13455115 0.1665379  0.16036922 0.15026572
 0.12281943 0.12671047 0.13364989 0.16250499 0.12665497 0.12424913
 0.12598242 0.14957803 0.16272366 0.1551436  0.12596087 0.1225502
 0.17457484 0.16424112 0.14162529 0.12779661 0.12469882 0.12564784
 0.14115617 0.14804175 0.12128592 0.12390319 0.1197146  0.11310834
 0.11519353 0.12200337 0.11050417 0.11990958 0.1062815  0.1122151
 0.11628117 0.14517161 0.11631291 0.22205727 0.35757062 0.24363945
 0.1529561  0.12729129 0.12134393 0.11383386 0.11335349 0.11728967
 0.11479128 0.1080156  0.11616187 0.10921012 0.11184142 0.120194
 0.1089181  0.10816271 0.12058546 0.13673562 0.13936374 0.15894558
 0.1270054  0.10612976 0.11170808 0.11699011 0.12923376 0.11742365
 0.10577299 0.10252038 0.1270289  0.108059   0.10911004 0.13547947
 0.1074683  0.10029811 0.1051698  0.10380654 0.10479513 0.10552369
 0.11437517 0.12850305 0.12354089 0.09818425 0.1037972  0.10678892
 0.10447926 0.09949548 0.09617998 0.13253349 0.10590835 0.10985139
 0.13411863 0.10652424 0.10401821 0.09718337 0.09407769 0.09667484
 0.10414508 0.09965504 0.10301305 0.10596692 0.0967088  0.11496145
 0.10785079 0.10888387 0.12071211 0.10863412 0.12409377 0.1209745
 0.10978352 0.13289037 0.10625192 0.10868271 0.09614285 0.09485954
 0.10815231 0.12938173 0.12014275 0.11825084 0.09865312 0.09298596
 0.11460094 0.11117774 0.10959568 0.09467748 0.12496669 0.10438097
 0.09063014 0.09105344 0.10376985 0.14964928 0.23847529 0.2911846
 0.35625416 0.43009326 0.3084012  0.14878538 0.13981985 0.11630901
 0.12202084 0.1033113  0.10364131 0.10934924 0.1091648  0.10479887
 0.10207625 0.10703231 0.10382295 0.10080811 0.09897676 0.10042769
 0.09480137 0.09123404 0.09721962 0.09998343 0.09985358 0.09468881
 0.09830171 0.09582562 0.09537774 0.09290218 0.08983635 0.08893781
 0.11251471 0.0876254  0.09506087 0.10438316 0.09069121 0.09346954
 0.1133232  0.08730504 0.10894869 0.08933365 0.09605882 0.09032361
 0.08751324 0.08913472 0.10541722 0.08930181 0.08777965 0.10031179
 0.08985069 0.08769833 0.09414569 0.08480502 0.09368403 0.08371591
 0.08393436 0.11598326 0.11620233 0.10350635 0.09056216 0.09940474
 0.08368298 0.0819471  0.08430318 0.08640029 0.09842321 0.08361477
 0.10082839 0.09083572 0.09104466 0.09718923 0.09006492 0.09400211
 0.11061027 0.0976659  0.08463503 0.07912662 0.0874025  0.08870555
 0.08228937 0.0958317  0.09083234 0.103253   0.08844556 0.08342289
 0.09774597 0.09481686 0.08528204 0.10063235 0.08760169 0.07739689
 0.07796585 0.08872336 0.08395735 0.08075331 0.08514933 0.09367709
 0.09369849 0.09727763 0.09844027 0.0903846  0.08673122 0.08214463
 0.08151935 0.09013896]
E for  12 selected participants in secure selection:   acc- 98.2000
loss:  [2.24508142 2.20414376 2.07133389 2.07761359 2.53875613 2.28474379
 2.25399446 2.21227217 2.13151956 1.98719335 1.78628337 2.34613895
 2.26681709 2.15007424 1.90960991 1.60494626 1.35768783 3.38558817
 2.3074832  2.26042962 2.21983385 2.15168953 2.0437901  2.07572174
 2.13012362 2.18237829 2.17305422 2.00189114 1.926476   2.00296879
 2.19733644 2.02277088 1.93364727 1.38857305 2.23490715 3.66925859
 2.32006192 2.30977798 2.30618429 2.30259609 2.29951954 2.29702616
 2.29464102 2.29181123 2.28773332 2.28021431 2.27090263 2.25678658
 2.23585987 2.21039701 2.1889894  2.12118745 2.13941216 1.9536463
 1.72523785 1.89303982 2.12260556 1.8054992  1.5602541  1.60644543
 2.15864015 1.81598771 1.54330456 1.59670568 1.49283302 1.73331821
 1.44044757 1.13540936 1.88348854 1.88155663 1.45599711 1.69211268
 1.55460763 0.99818534 1.06368434 1.06748044 0.87603778 0.58597058
 0.59270823 0.7908442  1.1123333  0.80085438 0.52909338 0.46544728
 0.41599858 0.57615751 0.57783222 0.6207518  0.46881181 0.40204823
 0.4035444  0.32767716 0.33422595 0.32152623 0.33473602 0.43579406
 0.3715328  0.37623215 0.30720162 0.31795311 0.43992022 0.7698614
 1.10985494 0.99608779 0.56956398 0.45838135 0.40541461 0.362192
 0.43578726 0.50477254 0.44987833 0.32550475 0.29151124 0.2850998
 0.26090172 0.26285163 0.24491753 0.23630209 0.24281625 0.22366574
 0.2325018  0.2261153  0.23965579 0.28201863 0.25993031 0.22603472
 0.19716831 0.19662032 0.19529748 0.18777546 0.19068822 0.20202416
 0.21893908 0.24358928 0.23823261 0.26007587 0.24594341 0.24508625
 0.20522749 0.18201268 0.17543934 0.16191618 0.16096643 0.16867691
 0.19677486 0.18176016 0.18993726 0.16348317 0.16222683 0.15314326
 0.15900373 0.15301105 0.15653475 0.1492348  0.14780609 0.15421416
 0.16771962 0.16463871 0.21445529 0.21942402 0.19845483 0.16195181
 0.15025271 0.14406344 0.13803962 0.14840001 0.1418242  0.1430683
 0.14636534 0.14682442 0.14873581 0.14944662 0.16921504 0.1387755
 0.14293478 0.16983616 0.13645695 0.13724419 0.14976682 0.14738034
 0.13182941 0.13967684 0.19218969 0.18921153 0.16531655 0.13945054
 0.12303168 0.12485516 0.16012523 0.13730678 0.16101928 0.13201877
 0.13682716 0.11918141 0.13277642 0.13712148 0.13591911 0.12855507
 0.11560064 0.11269069 0.11872588 0.12480398 0.12472492 0.13758136
 0.13354293 0.12684287 0.11232865 0.1137084  0.13232033 0.13126336
 0.14239168 0.12260077 0.11579628 0.11711471 0.11080183 0.11910007
 0.15260388 0.13995236 0.13893229 0.12646903 0.13187766 0.1108844
 0.11184581 0.12069649 0.11525736 0.11028745 0.10371716 0.10654446
 0.10506167 0.15103839 0.12865883 0.14964175 0.14576484 0.12509601
 0.11725862 0.09789458 0.11310051 0.13369539 0.11205073 0.11375307
 0.10172579 0.09993785 0.10790019 0.11775228 0.11445791 0.10617752
 0.11503043 0.1111292  0.09600297 0.10736566 0.10902837 0.1383422
 0.24500495 0.29526916 0.40295416 0.37515292 0.19702516 0.12530312
 0.11631297 0.10343474 0.10224821 0.10814236 0.09588661 0.09944288
 0.10912    0.09599198 0.0943064  0.09572457 0.10151761 0.0917211
 0.09800386 0.09822554 0.09875061 0.09095085 0.09897568 0.10124378
 0.08907361 0.08828935 0.10008702 0.10231657 0.10288002 0.09116105
 0.08883825 0.08802737 0.09326918 0.08954915 0.09813672 0.08722567
 0.08783445 0.10339627 0.09267707 0.0877905  0.09233616 0.08786272
 0.08710259 0.08919145 0.08441487 0.10702683 0.1155793  0.09659585
 0.08775953 0.10694271 0.08891789 0.08353709 0.08916312 0.08778974
 0.08952785 0.09321722 0.08778117 0.08858652 0.08630139 0.09045561
 0.08526869 0.08156799 0.08468657 0.0857793  0.07988079 0.08017933
 0.08156956 0.08814681 0.0909337  0.09757997 0.09008274 0.08066833
 0.08597147 0.08274417 0.08148777 0.09780286 0.08570088 0.09320012
 0.08816193 0.08258311 0.08150923 0.08042541 0.08361906 0.08915973
 0.07928216 0.08483459 0.08248407 0.07556127 0.0773095  0.09281129
 0.08765111 0.08815178 0.0898797  0.08398014 0.0824303  0.09237619
 0.10518782 0.11023442 0.08842807 0.07487269 0.07613628 0.07674494
 0.08377368 0.08100446 0.08263762 0.0751206  0.08648165 0.08637235
 0.08255721 0.10028926 0.07298314 0.08110964 0.07381064 0.09067805
 0.07395383 0.07013687 0.07486119 0.0742678  0.08618997 0.09574439
 0.07707061 0.0792601  0.07280532 0.08145278 0.07319936 0.08225448
 0.08890481 0.11312561 0.09967422 0.07847888 0.07756786 0.07275983
 0.07740974 0.07666729 0.06936025 0.07264581 0.06812025 0.07323886
 0.07445204 0.0745675  0.0716335  0.06761483 0.07230199 0.07615177
 0.07160231 0.07007726 0.07265791 0.07460134 0.07458476 0.07804685
 0.07398202 0.07466286 0.06972175 0.0727995  0.06810623 0.08030594
 0.06778918 0.07819633 0.06647548 0.06711728 0.06963167 0.08444081
 0.07443114 0.06660341 0.06455091 0.101166   0.07121064 0.06284817
 0.07650177 0.07046651 0.06478107 0.08211903 0.06637809 0.06684259
 0.06621883 0.07003532 0.07025897 0.07504264 0.06419857 0.06153691
 0.06474978 0.07466375 0.08030216 0.08986451 0.095521   0.07965194
 0.0715315  0.06489687 0.08297365 0.06356854 0.06105678 0.06390109
 0.06673937 0.07460224 0.06969457 0.06529845 0.07265522 0.0746112
 0.06810599 0.06518201 0.07623857 0.05726786 0.05820337 0.06023149
 0.06110031 0.0629532  0.06421891 0.06476764 0.05986583 0.06135871
 0.0682045  0.070789   0.05755756 0.06107725 0.05919538 0.06831566
 0.06612984 0.06734592 0.05906856 0.06401645 0.05856913 0.06152818
 0.06331646 0.05809385 0.06210867 0.0641124  0.05979393 0.07042245
 0.06644828 0.06729013 0.07183349 0.06188784 0.06209747 0.05997564
 0.07616287 0.08014409 0.05950164 0.05714639 0.09654359 0.07336999
 0.06954132 0.06995527 0.06086274 0.06672464 0.05997171 0.05709878
 0.06075817 0.05767182]
E for  14 selected participants in secure selection:   acc- 98.4700
loss:  [2.24372816 2.17632174 2.0755806  1.97370601 2.38418436 2.30738115
 2.21681428 2.08054543 1.86148262 1.51658809 2.55188513 2.24343967
 2.10777116 1.89230132 1.74738824 2.17653251 2.14616323 2.05298305
 1.75987422 1.59888947 1.34688973 2.65967798 2.24697113 2.11087632
 1.89731038 1.69724214 1.7517674  1.54300368 1.49564362 1.58449054
 0.99619836 0.94450021 2.02196622 1.94488811 1.24671602 0.85817063
 1.39480543 1.53132963 1.34767604 0.97041065 1.01026595 1.02526295
 0.81253493 0.58711457 0.55949777 0.65386921 0.75920606 0.84436858
 0.57332742 0.43128848 0.34033048 0.30048361 0.28510094 0.27128562
 0.27395967 0.34866437 0.35518807 0.32374129 0.26609418 0.24534687
 0.24038003 0.23081872 0.21749155 0.21811453 0.20860645 0.19157784
 0.20233619 0.25001106 0.25258619 0.23087618 0.26866639 0.25485659
 0.23463815 0.18538089 0.16888297 0.17252295 0.20058143 0.19195969
 0.22584814 0.23682742 0.36125013 0.27984214 0.424465   0.21835732
 0.18369631 0.15721953 0.15376028 0.15995647 0.15182896 0.16235057
 0.14278564 0.14617211 0.14048678 0.1465748  0.15651049 0.15398374
 0.15506107 0.14916658 0.14576823 0.13183588 0.13586031 0.14665648
 0.12784809 0.13315313 0.14109239 0.1297521  0.12193742 0.12809481
 0.12847124 0.12025321 0.1213629  0.11631477 0.11658218 0.12530416
 0.11278438 0.10933219 0.10679527 0.12338948 0.11457992 0.12031117
 0.11384902 0.11230671 0.10950013 0.10283342 0.09980928 0.11135025
 0.12193115 0.13084699 0.13890885 0.12817854 0.12222974 0.10834585
 0.14565106 0.13669987 0.11492734 0.09958373 0.10080302 0.10388432
 0.10308583 0.0969035  0.09964591 0.10474654 0.10700709 0.11092135
 0.09639709 0.09802167 0.09105052 0.09314525 0.09059916 0.0972882
 0.10402941 0.08840423 0.08903135 0.08820872 0.08940973 0.10393252
 0.12518907 0.12224675 0.09155295 0.08654132 0.08721139 0.08633805
 0.08712163 0.0913327  0.09042593 0.08633319 0.08917381 0.08905156
 0.09784971 0.10029479 0.07886306 0.08234026 0.08456347 0.10122171
 0.09843613 0.08745819 0.07744421 0.07746131 0.08629441 0.0891372
 0.08321722 0.0880845  0.07701463 0.08934451 0.08951396 0.10296581
 0.08928309 0.0960241  0.0916641  0.08052596 0.07511211 0.07593515
 0.07928827 0.07244913 0.07303941 0.07672677 0.08359394 0.07246614
 0.07661008 0.07385059 0.07206509 0.07024885 0.08175655 0.08892243
 0.06887065 0.06955624 0.07591465 0.08170236 0.08274971 0.07485109
 0.08586139 0.08024873 0.08079959 0.08259722 0.07637157 0.07434233
 0.07489026 0.07057425 0.07634633 0.07800441 0.07729115 0.08765636
 0.07353724 0.073351   0.06495608 0.0715847  0.06667902 0.06770172
 0.06391484 0.06785886 0.06849362 0.06685983 0.06633688 0.07500439
 0.07361925 0.06875627 0.06416674 0.06552792 0.06185001 0.07080261
 0.07628446 0.09591822 0.06041398 0.06341027 0.06849542 0.06509707
 0.06153491 0.07821812 0.08361278 0.07090774 0.0616484  0.0641444
 0.06143128 0.06258159 0.06053309 0.0778618  0.06146798 0.06780512
 0.06807113 0.06531379 0.06345963 0.06896459 0.06324925 0.06609083
 0.05744471 0.05902286 0.06481668 0.06668311 0.06231044 0.06204608
 0.05765834 0.0573232  0.05667967 0.06035348 0.05970567 0.05970015
 0.08298354 0.0872254  0.09589363 0.08750089 0.11017853 0.10472801
 0.09064601 0.06277815 0.05952426 0.06159775 0.05733619 0.05798748
 0.06143208 0.05762796 0.05552019 0.06966272 0.0650785  0.05881958
 0.05415089 0.05486863 0.06768604 0.05764269 0.0604599  0.05702098
 0.0706629  0.05716844 0.05333941 0.05696521 0.05812521 0.0520575
 0.05353042 0.06899586 0.06620132 0.05962669 0.05322736 0.05496207
 0.06737845 0.05005506 0.05330192 0.05278287 0.05053335 0.05866789
 0.054513   0.04833514 0.05392411 0.05164791 0.05045221 0.05489627
 0.04895452 0.04985188 0.04897072 0.06302042 0.05311088 0.0548421
 0.05335001 0.05049699 0.05002791 0.05434915 0.05544991 0.05163551
 0.06144043 0.05045218 0.05272557 0.05834655 0.05103463 0.05071465
 0.05055959 0.0499317  0.05897767 0.04922067 0.06461512 0.05464657
 0.05139298 0.04976517 0.04921326 0.05009356 0.05122586 0.0548091
 0.04830283 0.05147542 0.04981215 0.04980052 0.05415533 0.05230461
 0.04968002 0.05369606 0.06022681 0.05973578 0.07657051 0.08530249
 0.11422904 0.07699598 0.06071323 0.06051727 0.04944821 0.04953529
 0.04827059 0.04731285 0.04643771 0.05600392 0.05157275 0.04899412
 0.04712309 0.04765137 0.05335193 0.04695138 0.04490505 0.04878316
 0.04591993 0.0483311  0.04941149 0.06190563 0.05009451 0.04543869
 0.04574128 0.04672787 0.04893824 0.04451253 0.04617079 0.06579121
 0.06643412 0.06259026 0.05892079 0.04956392 0.0514456  0.054786
 0.04776049 0.04875853 0.04385251 0.05033204 0.04947141 0.04977127
 0.05012104 0.04553347 0.04244587 0.04313108 0.04484862 0.04531725
 0.04423514 0.04463184 0.04798966 0.04502044 0.04317178 0.04561762
 0.0500589  0.05236782 0.0517092  0.04827681 0.04583586 0.05373539
 0.04342504 0.04208331 0.04228694 0.04180507 0.04163415 0.0436519
 0.04736055 0.04672438 0.04095403 0.04362279 0.04911055 0.04332871
 0.04313923 0.04875145 0.05163907 0.05047471 0.04262915 0.04641465
 0.04213728 0.0458779  0.04593296 0.04902809 0.04617755 0.04615074
 0.04351175 0.04778027 0.04915588 0.04687302 0.04095147 0.04076348
 0.05200274 0.04497493 0.04067937 0.04718156 0.04401354 0.04627001
 0.04356012 0.04495689 0.04382533 0.04531968 0.04430959 0.04615511
 0.05270717 0.04684614 0.0579809  0.04936251 0.04845919 0.05175681
 0.05124507 0.0473052  0.04249232 0.04223076 0.04084535 0.04311453
 0.04819177 0.04376543 0.03964065 0.0431071  0.04006086 0.04624278
 0.04251744 0.04176793 0.04131705 0.03977425 0.04166397 0.04191232
 0.04220675 0.04114547 0.0419755  0.03895313 0.04041322 0.04179469
 0.04799405 0.04609983]
E for  6 selected participants in random selection:   acc- 95.8800
loss:  [2.26448512 2.20922375 2.12433529 2.0749054  2.0684309  2.20023274
 2.25169086 2.14131832 1.9003135  1.51705837 6.22859144 2.50824046
 2.31656456 2.30931735 2.30617905 2.30461025 2.30241609 2.30115056
 2.29899025 2.29719734 2.29410601 2.29022002 2.28519464 2.27921319
 2.27138615 2.25335336 2.23663545 2.19481516 2.12078977 1.99512422
 2.32390738 2.29419303 2.25973773 2.20905471 2.14450192 2.08807206
 2.22424078 2.00418067 1.75114453 2.05949712 2.33103752 2.32358766
 2.28507733 2.27867174 2.23115301 2.15496612 2.06815958 1.83976638
 1.95861757 2.1319952  2.27413368 2.1491766  1.77603686 1.27540827
 1.56290829 3.96594214 2.37003994 2.31543064 2.30248451 2.28657699
 2.26930714 2.2480135  2.2152617  2.16085172 2.14865327 2.0339005
 2.01889229 1.71224511 1.74344921 3.27456141 2.35428691 2.23044991
 2.16844893 2.06806421 1.95268929 1.93637347 2.21822119 2.2038815
 1.9225719  1.62223077 1.33710432 3.36231709 2.41147137 2.30751395
 2.28818321 2.24724555 2.12367201 1.99849534 2.08656025 1.64805746
 1.31351781 1.46345603 1.16479897 0.85486466 2.51884747 1.6732223
 1.19064355 1.08181202 1.672158   1.19409013 1.07420015 0.74014282
 0.82244533 0.87519592 0.80587482 0.62596595 0.63032961 0.77855706
 0.58529043 0.64321774 0.72992212 1.5700537  1.17965436 0.84725869
 0.63273156 0.54138315 0.57822412 0.53441691 0.53586853 0.71776414
 0.89845681 0.665694   0.48777637 0.45743805 0.45862201 0.43495226
 0.45911562 0.48005816 0.55587333 0.52393967 0.59734529 0.52571207
 0.71826166 0.47274879 0.4099381  0.37588748 0.49750659 0.47075894
 0.3906703  0.44167203 0.50897723 0.64310545 0.38380745 0.39483225
 0.43460411 0.35959542 0.40338361 0.36756212 0.35670882 0.33411866
 0.34420061 0.39622256 0.73508245 0.67721605 0.3848989  0.42436725
 0.40191108 0.48455116 0.36119047 0.48555884 0.38100234 0.327638
 0.38681105 0.48344418 0.64577532 0.45884487 0.33144686 0.30691117
 0.28162268 0.28776473 0.30032068 0.28651908 0.29010323 0.28280407
 0.35796171 0.28263482 0.27135006 0.29434454 0.2708663  0.23999695
 0.25628385 0.25806814 0.26961309 0.32893702 0.30505255 0.25789353
 0.26168811 0.28256002 0.26891869 0.50833791 0.36050993 0.35505989
 0.23930091 0.2338983  0.27363184 0.26277512 0.23889002 0.2313605
 0.27660775 0.23190966 0.26882905 0.54028952 1.75232017 1.62878454
 2.26240969 8.70606995 2.712152   2.70954251 2.37826419 2.35665655
 2.34400296 2.33170533 2.32459879 2.32114339 2.31630397 2.31347632
 2.31160378 2.30776906 2.30684209 2.3063767  2.30508947 2.30461216
 2.30506587 2.30509758 2.30426311 2.30346251 2.30324435 2.30336785
 2.30372739 2.30283856 2.30286789 2.3020463  2.30239415 2.30366015
 2.30274177 2.30270505 2.30192423 2.30219913 2.30368853 2.30203843
 2.30272746 2.30418515 2.30254102 2.30275083 2.30177045 2.30209637
 2.30141306 2.30265284 2.30221081 2.30206847 2.30371881 2.30243373
 2.30144429 2.3010726  2.30132484 2.3013618  2.30116749 2.30110812
 2.30081749 2.30225873 2.30114222 2.30114484 2.30249739 2.30144405
 2.30235457 2.30051231 2.30089355 2.30108523 2.30078459 2.30183768
 2.30047154 2.30086541 2.3004117  2.30051827 2.30034518 2.30053067
 2.30076122 2.30016541 2.30008602 2.30160284 2.30016112 2.30049276
 2.30015588 2.30040193 2.29988837 2.30021834 2.30074358 2.29996967
 2.29985046 2.29833674 2.29944587 2.2979815  2.29758096 2.29846692
 2.29794717 2.2942934  2.28996396 2.29107428 2.28602886 2.27770257
 2.26325393 2.2427702  2.24021769 2.21654725 2.09761739 2.16288376
 2.33103371 2.27172184 2.20305848 1.91965818 1.5572294  1.41202116
 1.4319253  2.16868138 1.31843567 1.21503305 1.05739379 0.83076727
 0.87193066 0.78204203 0.727745   0.96013016 1.1688714  0.9501788
 0.91013479 0.63171762 0.70926505 0.6107592  0.59890467 0.57769144
 0.5386548  0.60548019 0.4813754  0.42340499 0.42271626 0.40739274
 0.52555197 0.54103255 0.71111304 0.48447281 0.44812354 0.36480981
 0.32565153 0.33462989 0.35944459 0.37465811 0.37128097 0.38428581
 0.64366639 0.75410432 0.43143937 0.35687032 0.32530344 0.33806109
 0.3812001  0.30588961 0.32024801 0.3018274  0.33284172 0.28803173
 0.38500619 0.32630014 0.29478934 0.39775446 0.28619167 0.31774154
 0.41081104 0.43746185 0.44082472 0.41034308 0.581801   0.31103954
 0.30181217 0.28437236 0.24628115 0.26910004 0.31517082 0.25304204
 0.27216822 0.26385924 0.2535038  0.24761799 0.27915865 0.25100598
 0.23021428 0.25614864 0.25615048 0.25759527 0.2508634  0.26679087
 0.26632565 0.23018469 0.23347944 0.24296165 0.2132166  0.2243479
 0.25539845 0.2179738  0.23114617 0.24621861 0.32931808 0.24317156
 0.21258102 0.19896242 0.20198503 0.20661421 0.20741023 0.21353808
 0.20473592 0.2182361  0.22146231 0.19147438 0.21674736 0.23381613
 0.1939096  0.20429242 0.19862528 0.21576208 0.20059742 0.17689459
 0.19620666 0.17584184 0.1925786  0.20985727 0.19001544 0.18294266
 0.25368637 0.19013305 0.19363569 0.18606457 0.17053229 0.19378147
 0.22678271 0.19720624 0.17262298 0.19313833 0.17985351 0.19784135
 0.21522281 0.19886626 0.15921725 0.16220886 0.22028591 0.34731349
 0.21604583 0.20472844 0.18912376 0.21511233 0.16114594 0.16911185
 0.24418855 0.31167042 0.3009674  0.28744733 0.19563086 0.16901164
 0.16944496 0.16795696 0.21070769 0.2045861  0.1911068  0.2271926
 0.2514531  0.15817948 0.16057272 0.14731966 0.14409512 0.14749752
 0.14825647 0.1449931  0.17180814 0.15410084 0.14601105 0.16900766
 0.14263609 0.15341589 0.14974357 0.1741762  0.29070976 0.50714213
 0.29687184 0.20865823 0.17437623 0.16934037 0.14868376 0.19223113
 0.18344365 0.18031774 0.14837573 0.16175166 0.15336257 0.15471266
 0.15474151 0.16406822 0.15514195 0.14655873 0.13804184 0.15715623
 0.13479798 0.1341617 ]
E for  8 selected participants in random selection:   acc- 95.1300
loss:  [2.25427604 2.19352126 2.10710454 1.9602406  2.29943299 2.34205246
 2.26036549 2.17534471 2.02494311 1.76748717 1.95944238 2.75573468
 2.29121208 2.26561522 2.22226977 2.12643099 1.97020161 1.78935468
 2.1122334  2.18445611 2.00598884 1.83277035 2.83744144 2.31208038
 2.2832005  2.25374436 2.21570706 2.14105868 1.99639976 1.79694998
 3.56370497 2.37424636 2.31345844 2.28683233 2.26623487 2.27916121
 2.1956408  2.17942882 2.2835362  2.21767044 2.12031865 2.02630353
 1.84815943 1.96459663 2.00471926 1.74276817 2.2002964  1.94257188
 1.79352856 1.33614624 1.56517458 1.4886626  1.51241398 1.15667593
 2.82533789 2.45116544 2.21422338 2.07312965 1.83763766 4.55003691
 2.87109113 2.34879494 2.28718615 2.25701475 2.20634508 2.09260821
 1.94697475 1.85164595 2.81153798 2.28203845 2.24164319 2.57049918
 2.32181811 2.31622219 2.31138921 2.30700302 2.30515885 2.30308533
 2.3011775  2.29939365 2.29709983 2.29468155 2.29120111 2.27608132
 2.25781465 2.23352861 2.21396828 2.17416024 2.04434228 1.84703708
 2.36373544 2.32151651 2.31631565 2.31622648 2.31390238 2.31177998
 2.30973625 2.30873442 2.30761456 2.30697799 2.30643582 2.30486917
 2.30419564 2.30470657 2.30351782 2.30363512 2.30350637 2.30348563
 2.30238867 2.300179   2.29960871 2.29722643 2.28775477 2.26603508
 2.20785284 2.06091452 1.8426553  3.06317568 2.58583331 2.32287931
 2.30400038 2.30232668 2.30621719 2.3060689  2.30481887 2.30515361
 2.3018024  2.30194545 2.30301476 2.30079985 2.30281401 2.29915142
 2.29916859 2.29835677 2.30010939 2.30177784 2.29638171 2.29403067
 2.29413438 2.30169344 2.2873745  2.28183031 2.27796674 2.29981065
 2.27527881 2.26620126 2.24617314 2.21720791 2.17183924 2.1222043
 2.16113377 2.06492615 1.84992051 1.76346934 2.15566683 3.51266766
 2.45382047 2.33564734 2.30783272 2.25592208 2.13737416 2.19055271
 2.3003664  2.25008512 2.14909339 2.35829902 2.30698514 2.30518842
 2.30008292 2.29961562 2.29030013 2.2732048  2.296911   2.28643584
 2.24504638 2.20322132 2.10107493 1.94152522 1.83653319 2.50503039
 2.3024714  2.29519367 2.28479385 2.2691474  2.25145817 2.2188518
 2.17333746 2.10686064 1.96700585 1.7561326  1.44918168 2.0443356
 2.26726103 2.05027413 1.78170335 2.09122324 1.81567204 1.49926412
 1.49561954 1.54432094 2.08795023 1.8624984  1.58308339 1.51849437
 1.27091968 1.3925724  1.60477233 1.48774993 1.20689952 1.00785112
 0.96464932 1.03467071 1.41973662 1.1971935  0.93442684 0.81412959
 0.82576162 0.84912616 0.9433741  1.67310953 1.32756996 1.04684341
 0.83936727 0.78135639 0.82860017 0.88545996 0.97432655 0.71308982
 0.64377362 0.72810304 1.04443634 0.94884473 0.77118123 0.68445879
 0.61565775 0.71462363 0.57821065 0.56038088 0.61305666 0.63318336
 0.61829633 0.56753576 0.56048274 0.54233021 0.62780029 0.50599074
 0.66383207 0.69967699 0.55728489 0.45399725 0.44259882 0.44811034
 0.46269909 0.45158491 0.46505055 0.4571977  0.54551482 0.74693602
 0.57881027 0.41032398 0.4115735  0.37282318 0.37788826 0.37462193
 0.49593124 0.51018947 0.40523228 0.40616661 0.3927798  0.38379967
 0.51711035 0.47082949 0.36546367 0.34557328 0.32642332 0.3639001
 0.35887265 0.34750476 0.34889883 0.42678648 0.47544795 0.45524278
 0.3735624  0.33913186 0.31113043 0.32336476 0.32118693 0.35212648
 0.33500731 0.3032082  0.30439276 0.36856392 0.32905537 0.3116152
 0.31082541 0.2827118  0.34659073 0.35487643 0.32157964 0.29938868
 0.27010453 0.28331479 0.27250516 0.25797707 0.25827143 0.27600104
 0.27094942 0.35713059 0.3793779  0.29680067 0.27856237 0.28181091
 0.31745365 0.26088351 0.25767401 0.24634585 0.29105905 0.3376202
 0.4202956  0.30528042 0.25396562 0.28445736 0.32182473 0.27165836
 0.23164627 0.24264729 0.2317007  0.257063   0.25071761 0.330421
 0.43271714 0.33346772 0.2568039  0.2373295  0.25009111 0.22522275
 0.2391284  0.24021977 0.25014925 0.23122542 0.2925455  0.29548666
 0.35138929 0.2528508  0.22553702 0.23684473 0.22633189 0.25905728
 0.22215222 0.29921299 0.34266546 0.2677657  0.23697805 0.22746035
 0.22068411 0.27661982 0.24670002 0.22401248 0.29493615 0.30482477
 0.25808811 0.26000306 0.21654658 0.21511018 0.20011972 0.21224219
 0.2397085  0.21369302 0.21888845 0.24539708 0.22057429 0.21689953
 0.2042674  0.22002469 0.20555325 0.21475284 0.23812565 0.2586391
 0.22654556 0.23215796 0.20267104 0.2057905  0.20035532 0.22004089
 0.18912111 0.19367395 0.19377217 0.23033233 0.21879478 0.23483896
 0.22335586 0.23941916 0.28752318 0.42299467 0.24356848 0.18883817
 0.18678856 0.22354375 0.19972746 0.20364852 0.21495825 0.20250207
 0.22263511 0.19233961 0.19438595 0.19255331 0.19047448 0.19234234
 0.19823298 0.19172065 0.20380852 0.19861731 0.24379446 0.22881407
 0.21728282 0.21152763 0.1910197  0.21275349 0.19840126 0.20175469
 0.18246612 0.19544825 0.18903376 0.17221324 0.17317009 0.17672715
 0.19906488 0.17692009 0.21814404 0.18189622 0.18040669 0.16550997
 0.17123187 0.19293222 0.17018963 0.1816005  0.16485883 0.17555133
 0.16394067 0.17393176 0.16756561 0.21795689 0.20154229 0.2518518
 0.23584183 0.30512348 0.23636785 0.17105445 0.17545065 0.16655953
 0.17506912 0.20884602 0.24360266 0.20732079 0.15926918 0.17609695
 0.16079092 0.16502248 0.15862927 0.15581991 0.15609747 0.15775143
 0.15439498 0.18254665 0.17610934 0.17453499 0.15703654 0.15681332
 0.15810819 0.15636812 0.16175626 0.14758494 0.14764202 0.15814009
 0.20005423 0.15241259 0.17595387 0.1470547  0.16876306 0.16364606
 0.15586092 0.15351135 0.20586611 0.19763266 0.17556553 0.15833227
 0.15420853 0.15490866 0.14738958 0.14314814 0.23880231 0.22392766
 0.27418211 0.37332216 0.27343383 0.15700665 0.15370141 0.1692223
 0.15927604 0.14704783]
E for  10 selected participants in random selection:   acc- 98.2900
loss:  [2.26222467 2.20647883 2.10264254 2.03414297 2.63887835 2.28702545
 2.25924969 2.22370124 2.16184354 2.05938101 1.87907755 1.92128944
 3.47133517 2.32978415 2.31484866 2.31162238 2.30495119 2.30156922
 2.2963078  2.29213881 2.28708768 2.28235912 2.27445722 2.26925182
 2.24701762 2.21274447 2.17832327 2.10902214 1.97082579 2.04947233
 2.11869216 1.95409882 1.75670063 2.81389427 2.3000524  2.23692656
 2.08042097 2.08964086 1.76566541 1.48304772 2.16685939 2.32306218
 2.27887988 2.2264123  2.14310265 2.01035023 1.94828808 2.21144032
 2.26655579 2.14671254 2.01368117 1.92189038 1.56245208 1.33628464
 1.81850934 2.21069288 1.89733219 1.47993374 1.48833597 2.02906132
 2.00623012 1.69913805 1.36171794 1.36194146 0.9824509  0.8961587
 0.96213377 1.5284543  1.02775085 0.6393258  0.5181064  0.94358933
 1.04607904 0.70548862 0.49771908 0.44252017 0.36301354 0.3701537
 0.46026665 0.44840083 0.36897635 0.28764725 0.29654306 0.34345597
 0.37658697 0.38368252 0.35064018 0.24920589 0.25803146 0.27751186
 0.24434905 0.21629114 0.21022888 0.22488393 0.19614002 0.19556072
 0.21300505 0.21212149 0.19704874 0.19262713 0.17932099 0.18452694
 0.20622598 0.2249738  0.24514709 0.22498973 0.24239048 0.21289438
 0.1734547  0.17103103 0.18316713 0.17751491 0.16546674 0.16342731
 0.164846   0.15466183 0.15824181 0.14700018 0.14543284 0.15781891
 0.14908522 0.15129381 0.17469446 0.16105342 0.2385758  0.2322396
 0.27464733 0.20183618 0.17030323 0.18349752 0.13985878 0.13369069
 0.13224755 0.14044815 0.15534227 0.12544271 0.15349269 0.12555854
 0.12008501 0.13839121 0.12615032 0.13235268 0.13537379 0.1198963
 0.12201696 0.13909733 0.16263659 0.1254416  0.11260906 0.1080488
 0.12185321 0.12317801 0.12406084 0.12395684 0.12002397 0.1265388
 0.10774563 0.11564164 0.11341386 0.12302034 0.12551221 0.12404907
 0.14594774 0.11626276 0.15690117 0.12222815 0.11537308 0.11088962
 0.11716416 0.11818714 0.11735225 0.10396693 0.10788297 0.14090621
 0.17907755 0.26885939 0.36474961 0.25327882 0.22316755 0.12739076
 0.1070485  0.10392257 0.10012616 0.10174455 0.09632632 0.09681937
 0.10845091 0.10544837 0.1051616  0.09727585 0.10395912 0.10344912
 0.10121946 0.09324839 0.09866647 0.10152486 0.09379716 0.09087905
 0.09463368 0.09767168 0.09867366 0.09125096 0.10236952 0.09394866
 0.08821477 0.09463361 0.09599935 0.08823595 0.09201761 0.08531427
 0.08889803 0.08566364 0.0813375  0.08522885 0.09029383 0.0943473
 0.0906572  0.10978678 0.1474493  0.09925328 0.09160785 0.08394236
 0.08590256 0.08589472 0.08686188 0.07965574 0.07712501 0.07992742
 0.11836852 0.09489375 0.09355602 0.10142104 0.09669926 0.07940223
 0.08135708 0.07811974 0.07769191 0.08437167 0.09605953 0.08023018
 0.07908709 0.08460857 0.0846227  0.08987346 0.08413171 0.08518577
 0.08346201 0.08200589 0.08152814 0.08862387 0.1139975  0.10985925
 0.07399661 0.08575252 0.07134887 0.07495727 0.07434705 0.07550571
 0.11471665 0.07761116 0.08513292 0.07822772 0.07350826 0.07007597
 0.07390907 0.0708102  0.07218246 0.07105031 0.09046225 0.09181371
 0.08219346 0.06976893 0.07005139 0.08704413 0.07374255 0.1088585
 0.09636711 0.07716143 0.07334439 0.0689268  0.07487328 0.12281281
 0.08938438 0.07856771 0.07874678 0.06781082 0.06767636 0.06860948
 0.07572532 0.07647727 0.07079917 0.08412494 0.07138348 0.07327969
 0.07322025 0.06826793 0.07516161 0.10702553 0.06801202 0.06616036
 0.0669653  0.06385472 0.06654308 0.06390237 0.06365728 0.06468035
 0.06307476 0.06823585 0.07309303 0.0677746  0.0670547  0.07208019
 0.06844565 0.06341939 0.07031189 0.07230101 0.06796043 0.07609458
 0.06537507 0.06910952 0.08143879 0.06806944 0.0672086  0.06309197
 0.07494117 0.07442255 0.08041217 0.07399653 0.05963397 0.06677545
 0.06947625 0.05905776 0.06048141 0.06120921 0.06157262 0.05956634
 0.05685383 0.05844422 0.06491928 0.0670948  0.0642931  0.06394894
 0.06493682 0.06616386 0.06327324 0.09720794 0.07247546 0.05733768
 0.06612113 0.06447061 0.06336239 0.06395284 0.06461842 0.06703142
 0.07336823 0.06444908 0.06210335 0.06899533 0.06429836 0.07448448
 0.06352786 0.06299186 0.06810725 0.06628983 0.06558763 0.061698
 0.05887967 0.0616058  0.05712221 0.05744758 0.05761522 0.07539389
 0.05863462 0.07560815 0.08061206 0.05970931 0.06060377 0.06150155
 0.05468492 0.05706124 0.05605733 0.05407676 0.0609481  0.05495171
 0.070728   0.0568371  0.05995345 0.06702331 0.06778223 0.0600122
 0.05456238 0.06024282 0.06420688 0.06494552 0.0594924  0.05936853
 0.06138503 0.07008427 0.0604884  0.06030372 0.05655285 0.05693199
 0.06064907 0.05776349 0.05983581 0.08089175 0.06150307 0.05474993
 0.07823294 0.05812497 0.06568649 0.05849737 0.05534476 0.05497719
 0.05186254 0.05639126 0.0569678  0.09706464 0.06711398 0.05143653
 0.05640606 0.06101413 0.0565041  0.05608715 0.06800126 0.06405293
 0.07359328 0.05537754 0.05751985 0.05570798 0.05066267 0.05851711
 0.06813244 0.06248208 0.05838104 0.05431924 0.06106153 0.06185194
 0.0617168  0.05774375 0.05424954 0.06013116 0.05341116 0.05307028
 0.05908603 0.05558789 0.05560999 0.05984633 0.0601384  0.05589864
 0.05614856 0.05611564 0.05526029 0.06530058 0.05984304 0.05559617
 0.05983096 0.05624149 0.06157351 0.06249832 0.06026344 0.05715119
 0.05702247 0.06731295 0.06742521 0.05639431 0.06199238 0.06013367
 0.05693552 0.06045788 0.06498317 0.06725381 0.07378177 0.05730553
 0.05771977 0.05606622 0.05641327 0.055085   0.05673068 0.0574371
 0.05697821 0.05526075 0.05281674 0.06486867 0.06799701 0.05170011
 0.05834271 0.06614693 0.05500643 0.05181194 0.0551805  0.05783252
 0.06252325 0.06663701 0.06055468 0.05265886 0.0506829  0.05470251
 0.05369969 0.05168027]
E for  12 selected participants in random selection:   acc- 97.2900
loss:  [2.24579287 2.19932055 2.10284424 1.97822678 2.29662728 2.23740125
 2.14789891 2.01216793 1.77314842 1.93820524 2.55582976 2.27451706
 2.21883154 2.15140152 2.02257824 1.78929067 1.66060388 3.28528905
 2.31158376 2.29882145 2.28708458 2.26824594 2.23968816 2.19724369
 2.1194818  1.97762561 1.78882444 2.31342196 2.18125963 2.00382686
 1.80054319 1.73160589 2.29919338 2.13569045 1.91167521 1.52049899
 1.21785319 6.19349289 2.53680205 2.43404603 2.27082491 2.24336338
 2.20436811 2.12976432 1.99336171 1.74222541 1.7933234  3.4877038
 2.34678578 2.30772638 2.29365778 2.28041959 2.26546407 2.24954271
 2.2186358  2.15352821 2.02609921 1.80244946 2.18186378 2.62795281
 2.32342982 2.31241941 2.30836225 2.30672073 2.30482388 2.30153155
 2.3003993  2.29761004 2.29457951 2.29016232 2.28249598 2.27357531
 2.2604425  2.2423439  2.21422863 2.16496944 2.07983327 1.94328654
 1.74130332 1.67544568 2.67775512 2.18141508 1.93259299 1.57790112
 1.25102067 1.61161029 1.91385329 1.85055661 1.69933105 1.51617563
 1.06913054 0.92470682 1.44840193 1.38817346 1.04269457 0.76971287
 0.63847977 1.09034693 1.10488749 0.80605489 0.61290956 0.52006072
 0.52975482 0.85171682 0.93930393 0.93168098 0.59085101 0.45364317
 0.42979315 0.44046608 0.46993619 0.46764204 0.37908044 0.42799854
 0.55388278 0.46963716 0.35721651 0.29871935 0.27714998 0.28141758
 0.25756195 0.25842601 0.27413851 0.36707544 0.47978231 0.3448914
 0.33852541 0.2792089  0.24846585 0.24832495 0.26332611 0.25457731
 0.25723505 0.23114878 0.2323496  0.26068842 0.22682747 0.20247754
 0.21017432 0.20943525 0.19845706 0.21379407 0.22109909 0.3154045
 0.25442842 0.23223467 0.20700996 0.20303217 0.20300448 0.21137117
 0.24203731 0.41081563 0.58723098 0.35587609 0.22314756 0.20325491
 0.19606228 0.2215239  0.18261801 0.19374736 0.17531373 0.17599201
 0.17204379 0.17557912 0.18882635 0.17853831 0.18501456 0.16876502
 0.17583969 0.17768362 0.21623501 0.26164913 0.2766394  0.26444802
 0.20667058 0.16504668 0.15906848 0.1688952  0.1606313  0.16201007
 0.16129069 0.15771045 0.17230773 0.25264671 0.33876476 0.49066654
 0.90164804 0.50461793 0.32569355 0.22183464 0.18761143 0.17918389
 0.18807362 0.1781576  0.16952053 0.16222464 0.16261293 0.15419981
 0.15629578 0.16221979 0.14198025 0.1494116  0.16432901 0.14395565
 0.15175943 0.14477688 0.14293189 0.1359345  0.15808189 0.1437901
 0.18865712 0.20335221 0.14442207 0.16549636 0.14486435 0.16465962
 0.1446159  0.14475527 0.16211192 0.16117859 0.16524571 0.1431614
 0.14372928 0.14015809 0.14167655 0.14005585 0.13549522 0.13619168
 0.13730738 0.135987   0.14899819 0.13243328 0.13406564 0.12940034
 0.14495431 0.12583736 0.12683323 0.15010007 0.12527317 0.13452405
 0.12738512 0.11744937 0.12205075 0.12534665 0.12792306 0.14802365
 0.15439014 0.13385127 0.11453991 0.12324971 0.14282288 0.12516862
 0.12318999 0.11522025 0.11636527 0.12114973 0.11081167 0.11096821
 0.13027322 0.11177499 0.11604095 0.11955967 0.1277127  0.11804719
 0.11503783 0.11866188 0.13378464 0.13706146 0.13440381 0.11833952
 0.10926507 0.120429   0.11836407 0.11409532 0.11071361 0.10187533
 0.10580587 0.10478786 0.10150883 0.12860334 0.14326611 0.12081322
 0.10514331 0.10723106 0.10465565 0.1006496  0.09983663 0.09960575
 0.11320647 0.10075571 0.10675012 0.11527937 0.14583619 0.1580715
 0.12732022 0.14783996 0.15537894 0.13066417 0.13860217 0.17340709
 0.16727671 0.1065781  0.10531463 0.1255281  0.11404663 0.10627022
 0.10023429 0.10994608 0.10147735 0.11377687 0.10366876 0.10718688
 0.11318439 0.11188442 0.11375982 0.1177938  0.09315734 0.10262864
 0.10613729 0.10349199 0.13723341 0.1587739  0.15491679 0.17248793
 0.13091329 0.10890067 0.10049812 0.10234772 0.10745215 0.09270358
 0.09138386 0.11930964 0.10321295 0.10489995 0.09527178 0.08955093
 0.09494939 0.09806076 0.09362885 0.09179045 0.09685928 0.09715649
 0.09751307 0.09035841 0.08843003 0.10052672 0.0889779  0.10052779
 0.10143254 0.09833579 0.11787311 0.08568613 0.09280574 0.10864075
 0.0945406  0.08914638 0.1176837  0.12202681 0.16637678 0.12443043
 0.10125175 0.09248953 0.08934846 0.10413152 0.11282207 0.13982119
 0.20823099 0.22376153 0.13407351 0.13240063 0.09488429 0.09864511
 0.09503832 0.09692897 0.09223635 0.09216325 0.09021883 0.08388953
 0.10048594 0.08671196 0.08389726 0.09848575 0.08623957 0.09482012
 0.09847832 0.09782819 0.08666492 0.08111022 0.08668124 0.0847079
 0.0833365  0.09025864 0.09454757 0.0841243  0.10213224 0.08881498
 0.08741029 0.08385719 0.08332116 0.08329494 0.08022081 0.08028095
 0.09200194 0.08749643 0.09923206 0.12480238 0.11666863 0.08714892
 0.08289544 0.09146093 0.09129608 0.10205296 0.09810466 0.08487942
 0.09471493 0.08263677 0.09192782 0.11511739 0.10270955 0.08306657
 0.07768761 0.07443836 0.07728766 0.07892146 0.08656694 0.08323475
 0.07877909 0.07790173 0.07933708 0.0817885  0.09116002 0.0890928
 0.08350854 0.08055446 0.07837766 0.08049352 0.09316795 0.08451359
 0.09472276 0.08310134 0.086876   0.08593418 0.07784221 0.088303
 0.08257304 0.09656854 0.09610314 0.08046707 0.07707927 0.08107945
 0.0782326  0.09143474 0.08001941 0.07775418 0.0888814  0.1205647
 0.19449039 0.16511688 0.11118856 0.09739316 0.08554956 0.08214887
 0.08450435 0.0870836  0.0827391  0.07871798 0.09142698 0.07722489
 0.07904865 0.07780971 0.07732569 0.088339   0.0824464  0.07857677
 0.09355734 0.0833837  0.08138487 0.08557705 0.08448543 0.0794181
 0.07819314 0.08782755 0.10094801 0.07648412 0.07670564 0.07473602
 0.08041758 0.0926081  0.07177657 0.08342562 0.07915661 0.0861453
 0.10799878 0.07283945 0.08191761 0.07918279 0.08947065 0.07752472
 0.07213034 0.07744715]
E for  14 selected participants in random selection:   acc- 97.0800
loss:  [2.24125242 2.17235351 2.04874396 2.13772511 2.44601941 2.29393697
 2.27483869 2.24939895 2.20598078 2.1275773  1.978109   1.76591933
 2.98952293 2.29360723 2.24388409 2.19284892 2.11517429 1.99673986
 1.80009568 1.61344409 5.17562914 2.33744049 2.29518533 2.27475047
 2.2507093  2.22738886 2.20281291 2.20936108 2.09309506 1.9100436
 1.94866157 3.08798981 2.9681673  2.30740237 2.30559778 2.30418873
 2.3031342  2.30280876 2.30241513 2.30096865 2.30001855 2.299649
 2.29879403 2.29776311 2.29686069 2.29494715 2.29173827 2.28658223
 2.2748723  2.25751996 2.24675488 2.20631289 2.15450597 2.07159209
 2.00025892 1.69866097 1.98269224 2.90400982 2.29703569 2.28877854
 2.27703214 2.25273943 2.1657021  2.05595517 1.92684567 1.77754319
 3.81017542 2.32440734 2.32067823 2.31812    2.31480718 2.31197882
 2.31078339 2.30935121 2.30844164 2.30894089 2.30717564 2.30592775
 2.30523014 2.30599165 2.30568767 2.30497861 2.30398202 2.30341172
 2.30297685 2.30256414 2.30392075 2.30341434 2.3019731  2.30255127
 2.30170703 2.30206823 2.30115438 2.30113745 2.30122185 2.30115199
 2.30029702 2.3010993  2.3004148  2.30041718 2.30079317 2.30029726
 2.29963231 2.3001132  2.29781413 2.29719377 2.30017924 2.29726911
 2.29390001 2.3015337  2.29352999 2.28993511 2.28738427 2.28098011
 2.27666807 2.27620387 2.26124716 2.24745417 2.23184991 2.20218897
 2.15988851 2.08202243 1.94129956 1.82192087 1.97959411 2.09208345
 1.93493712 1.7459029  1.79582381 1.39498305 1.83562183 1.78126371
 1.54276562 1.37363422 1.31990445 1.00921881 1.22242522 1.76345289
 1.84750485 1.41572249 1.29956889 1.02475512 0.89007783 0.88953525
 1.69353461 1.66766918 1.23931301 1.06125259 0.80410212 0.78144449
 0.9151839  0.86313772 0.74017763 0.69911975 0.69632709 0.48326489
 0.48262572 0.45211411 0.55895066 0.80598503 0.59725589 0.39843369
 0.36690643 0.33326471 0.35912478 0.48549488 0.57524651 0.64174545
 0.51649058 0.33534583 0.29937351 0.29022905 0.27301708 0.2828688
 0.31321087 0.45617798 0.75658232 0.53807986 0.32558197 0.28687569
 0.27682811 0.26286718 0.24862649 0.2635248  0.25247598 0.27028123
 0.27862987 0.45122471 0.55594081 0.32619864 0.32054445 0.25097311
 0.24361023 0.26948765 0.26077026 0.24491379 0.24284692 0.25279391
 0.219377   0.21263719 0.24501018 0.28091505 0.25032094 0.28935674
 0.25515673 0.20371014 0.22732486 0.20947637 0.18660738 0.18178123
 0.19846383 0.19715716 0.1948351  0.21497229 0.2254356  0.2390739
 0.28757936 0.41151202 0.56850839 0.31974143 0.22655691 0.20459569
 0.20824197 0.2006     0.18293554 0.17730521 0.18628371 0.21889985
 0.17294787 0.18784241 0.22952044 0.20282458 0.21740295 0.17879018
 0.19849657 0.1824383  0.17271575 0.17393726 0.15582415 0.15925786
 0.16332139 0.1645444  0.15935409 0.17598277 0.17148128 0.16975474
 0.1670863  0.15015022 0.18011327 0.1692086  0.14892946 0.14140213
 0.16935945 0.15812606 0.14525282 0.15772411 0.23189653 0.34109446
 0.33591482 0.372421   0.25528356 0.17093299 0.15379366 0.15149999
 0.14339416 0.15526748 0.15189219 0.18013227 0.14998499 0.14154921
 0.13426206 0.14210187 0.13971739 0.14231497 0.14334129 0.12998243
 0.13084121 0.12982512 0.14122741 0.14541358 0.15247113 0.15829512
 0.2032118  0.1874246  0.15763581 0.12307157 0.12555984 0.12435555
 0.12906362 0.12065476 0.12700242 0.13835986 0.13237041 0.12761953
 0.15580739 0.14811851 0.13226786 0.12885205 0.12035342 0.13060416
 0.14968187 0.12957844 0.11588553 0.11826388 0.14410596 0.18008474
 0.15557082 0.17170539 0.13904402 0.19011262 0.19198473 0.13206002
 0.13227543 0.11456972 0.11117157 0.12720661 0.11980228 0.11003526
 0.1333852  0.11627859 0.11415701 0.11544781 0.11279786 0.12169686
 0.12439626 0.15012676 0.14745545 0.12133186 0.10853454 0.111467
 0.11649416 0.18948367 0.19354454 0.17379667 0.14993277 0.15992896
 0.11627304 0.10567669 0.1042163  0.11068592 0.10869721 0.11974668
 0.12196213 0.10826149 0.10794574 0.10256977 0.10835542 0.10051806
 0.1031557  0.10058455 0.11032522 0.10113325 0.11048134 0.10419355
 0.09702974 0.11855514 0.10604537 0.11754038 0.10881422 0.10328108
 0.10253482 0.1243049  0.09832634 0.11395832 0.10649193 0.10687
 0.10948355 0.13138314 0.17417769 0.30955052 0.61132038 0.75715333
 0.40489137 0.19628012 0.14489721 0.13849245 0.13506493 0.12988363
 0.12879898 0.13137601 0.12500301 0.1386195  0.12038241 0.10913338
 0.10815519 0.10997851 0.11306606 0.11156695 0.11538606 0.12829646
 0.12033379 0.09803564 0.09952298 0.09898493 0.10376731 0.11817739
 0.12753631 0.09580781 0.11413025 0.11537428 0.11315629 0.10608038
 0.15391764 0.10342321 0.10328214 0.10165079 0.10328965 0.11253253
 0.10613543 0.09434738 0.11000709 0.1022251  0.09437346 0.11214499
 0.10021041 0.09616356 0.09696187 0.10439354 0.10094369 0.11219614
 0.09008725 0.09985355 0.10017546 0.10387842 0.09164967 0.09512096
 0.10069928 0.09310798 0.10131975 0.1177589  0.09503901 0.11398248
 0.08997981 0.09453245 0.0940517  0.09131092 0.09115305 0.11989852
 0.10289757 0.10615542 0.09115211 0.09248843 0.09664863 0.08997485
 0.08583987 0.11415337 0.08904774 0.09130972 0.09939068 0.1292222
 0.13249154 0.11103019 0.08681238 0.09252166 0.0948455  0.08821872
 0.0925755  0.095319   0.09231336 0.11561646 0.10553766 0.08593254
 0.08742816 0.08504651 0.08862576 0.09092849 0.09362175 0.08841499
 0.08106381 0.08104477 0.10997854 0.12296282 0.08572544 0.09958775
 0.08521675 0.09396829 0.08533133 0.08942507 0.09708144 0.09415863
 0.12280843 0.08680031 0.09568183 0.08375882 0.09061943 0.09976299
 0.09416113 0.08230586 0.08688757 0.08437096 0.08547869 0.08730942
 0.08301465 0.08112784 0.08580397 0.08616325 0.08168638 0.09428329
 0.09990455 0.08708511]
