[2.24399042 2.17231631 2.06640387 2.06457782 2.85127354 2.31038356
 2.29085016 2.28600526 2.26961756 2.2456634  2.22991681 2.17911005
 2.07208014 2.21616387 2.24901462 2.18292379 2.19183588 2.19002986
 2.24606323 2.0790813  1.8954519  1.8857305  1.72446442 1.78379977
 1.61579168 1.32355368 1.81843984 1.73375642 1.50830686 1.29642522
 1.08928609 1.50799012 1.58674788 1.27209604 1.17702365 0.93031472
 0.98584765 1.41033185 1.56803584 1.48894143 1.30908918 1.03062832
 0.97964102 0.87121153 0.83969396 0.91156751 1.00722241 0.87116027
 0.79709059 0.84560412 0.84162879 0.77522129 0.92282432 0.85590231
 0.71595645 0.70511931 0.80350995 0.94173938 0.75775421 0.69151366
 0.7080189  0.69961953 0.71888793 0.77410984 0.93049651 0.74321198
 0.66540188 0.68767351 0.66472924 0.71791738 0.70234561 0.70121014
 0.69028378 0.67295814 0.91977042 0.7972616  0.65644741 0.63234162
 0.62827659 0.65833825 0.70034146 0.66009456 0.72134286 0.63139606
 0.61603481 0.67617714 0.65533829 0.60790414 0.62993884 0.60657948
 0.59848535 0.61644369 0.67038542 0.60479933 0.62275904 0.70605338
 0.73338318 0.6283536  0.58395499 0.58820158 0.5875904  0.69789094
 0.83524913 0.62907463 0.59201205 0.58474422 0.63368756 0.63685638
 0.56779295 0.58417416 0.62526751 0.62618953 0.59490097 0.60465515
 0.58428913 0.54777372 0.56766862 0.66578811 0.63376606 0.5851323
 0.70782405 0.7328558  0.6214487  0.60627449 0.74741989 0.79821229
 0.62625313 0.55603486 0.55592793 0.55860901 0.57440382 0.56430686
 0.62684393 0.61202258 0.57995629 0.57086819 0.54455405 0.54382229
 0.52594823 0.53833967 0.68538958 0.66869581 0.57773703 0.56471956
 0.53875864 0.53725189 0.56034142 0.58627927 0.58722889 0.62523466
 0.59249169 0.53309262 0.55614167 0.53303546 0.61363804 0.53069645
 0.5213387  0.52572674 0.5658564  0.68241316 0.6746757  0.56867415
 0.54557699 0.51115251 0.53321987 0.54684442 0.55754048 0.52793759
 0.57023633 0.50315708 0.68072867 0.5759483  0.51746374 0.54835266
 0.53906626 0.50959516 0.49340776 0.52977389 0.51383471 0.52545667
 0.59414977 0.53836358 0.4883706  0.50143993 0.67770803 0.70511538
 0.57704294 0.56329483 0.50736099 0.52653712 0.56635469 0.50102848
 0.5074181  0.51770872 0.53023696 0.53967023 0.49409679 0.53984827
 0.55575478 0.49747413 0.5159117  0.51116186 0.54061633 0.51136076
 0.54257882 0.57231128 0.53945857 0.49658281 0.60063982 0.61916393
 0.52457857 0.47787851 0.47384638 0.49421346 0.52500212 0.51938176
 0.52075183 0.49672437 0.48370087 0.4723711  0.4872649  0.51472151
 0.50838262 0.48862645 0.49699476 0.50245529 0.50458539 0.5444361
 0.50731492 0.48371127 0.46169254 0.46702221 0.61346173 0.59256452
 0.51937151 0.54358709 0.46188599 0.47171661 0.53861851 0.48814824
 0.54508591 0.48748803 0.46267363 0.47784698 0.45788017 0.48930797
 0.56914139 0.56854534 0.48625717 0.47395992 0.52298719 0.64649594
 0.55690771 0.48007524 0.47253194 0.48684165 0.5049032  0.46449757
 0.49086058 0.49629271 0.53946632 0.51355946 0.46996754 0.48825875
 0.47222435 0.47668725 0.50926763 0.4703936  0.54720801 0.5064823
 0.470615   0.44743705 0.47730356 0.51989108 0.4749473  0.45487964
 0.58995873 0.49895215 0.46060795 0.4950878  0.50970697 0.45448759
 0.46426263 0.48240343 0.44207311 0.46713686 0.46465299 0.51645917
 0.52978915 0.54488713 0.48207355 0.45833439 0.46924388 0.46583393
 0.47196993 0.4535     0.43937421 0.44405425 0.44650966 0.44961143
 0.47070551 0.49179405 0.4636986  0.48115176 0.45140162 0.50671518
 0.45599034 0.42792964 0.45337749 0.51256216 0.51954508 0.50325441
 0.44297066 0.44778886 0.46287349 0.45557061 0.43856987 0.4746269
 0.44386151 0.48866069 0.50970012 0.47193754 0.43192708 0.48148102
 0.48627412 0.44609469 0.4613167  0.42145342 0.52957606 0.51345944
 0.46277377 0.452721   0.46086988 0.44967842 0.43694508 0.46287978
 0.46884882 0.51714265 0.44917777 0.47892821 0.46306178 0.45194483
 0.48574892 0.45236006 0.44265026 0.44984591 0.44934303 0.4919146
 0.41649777 0.41910112 0.49471107 0.45606408 0.44291547 0.43959728
 0.46174443 0.4422518  0.43720782 0.41414326 0.51129496 0.46242827
 0.4379577  0.43302807 0.47200328 0.48237178 0.43562189 0.49822989
 0.46870694 0.46102774 0.44893178 0.44410113 0.42433652 0.42939508
 0.45040894 0.59038132 0.55269158 0.48048082 0.46323052 0.43158472
 0.47230184 0.48302588 0.46621498 0.47919595 0.41326222 0.4344838
 0.43304664 0.441329   0.43040001 0.44748405 0.41255599 0.4471918
 0.46039712 0.42924994 0.44180751 0.43020639 0.43725225 0.41836554
 0.44393721 0.4219892  0.43976349 0.43731377 0.42724112 0.42294884
 0.47330937 0.42485166 0.43555039 0.40679911 0.43490288 0.43381172
 0.44439057 0.43460312 0.4365474  0.42661777 0.44552007 0.42261806
 0.41495606 0.46958432 0.43855289 0.41921559 0.42060274 0.42250526
 0.41285753 0.41695893 0.42172706 0.46193817 0.40183997 0.44150698
 0.45046669 0.44610858 0.4829849  0.47206157 0.42866045 0.39624107
 0.41794726 0.42936054 0.46291363 0.4124392  0.41305387 0.45747086
 0.43487382 0.41035527 0.41276598 0.40090725 0.41867021 0.40681559
 0.40479335 0.43049023 0.40840912 0.41942662 0.49248824 0.48274794
 0.44407392 0.43134493 0.39743325 0.41877964 0.40390253 0.43101832
 0.40032262 0.4078351  0.40163013 0.39270493 0.41871729 0.43063715
 0.44655326 0.41713056 0.41315407 0.39974409 0.39825767 0.40744579
 0.4306187  0.40059525 0.43127823 0.41869935 0.49835697 0.43115646
 0.48892611 0.42345956 0.4203918  0.41466695 0.41423759 0.40128154
 0.4227652  0.40074709 0.42304239 0.42258424 0.43407783 0.41711864
 0.41734058 0.40779543 0.40108791 0.42048916 0.43933082 0.42223087
 0.40710744 0.39853209 0.39381778 0.39993861 0.44088346 0.45103994
 0.46228868 0.46950078]
[2.23896098 2.16544461 2.30311561 2.3072145  2.25785851 2.17742133
 2.05054951 2.03753018 2.3745501  2.2201705  2.11801219 1.96646369
 1.71095037 1.99141955 2.11762333 1.99408901 1.58308434 1.2859875
 1.51120138 2.25629258 2.10597277 1.72240758 1.49261916 1.46617949
 1.24882555 1.6543082  1.53100312 1.27609313 1.34838593 1.27381027
 0.97032136 0.99609375 1.42675281 1.25918448 1.05159688 0.82122636
 0.84465498 0.87755013 1.19759369 0.9447003  0.82217151 0.75586522
 0.87864757 1.1108427  1.03066373 0.80126756 0.75986516 0.79084754
 0.8160423  0.79574096 0.99472737 0.80759788 0.7777344  0.76953083
 0.80569732 1.07606685 0.95535606 0.70720261 0.71131927 0.6964094
 0.81990147 0.80615115 0.70576769 0.67615515 0.81109178 0.93444324
 0.72327453 0.68082768 0.67048723 0.74995893 0.72930747 0.66030031
 0.6735127  0.64550984 0.64428687 0.72203451 0.71190554 0.67753154
 0.64776999 0.68440527 0.69789946 0.61061257 0.61821443 0.69764215
 0.65476537 0.60406673 0.62647539 0.61509776 0.62883872 0.76523656
 0.77441651 0.66854572 0.58550447 0.63931835 0.68534803 0.72149491
 0.61329436 0.58259875 0.59280914 0.60183936 0.63238275 0.60307854
 0.6915676  0.71546191 0.58836329 0.65184087 0.7312544  0.59994692
 0.56963086 0.5995034  0.5967719  0.56817603 0.5899049  0.61043453
 0.57179189 0.61637735 0.63143504 0.5995304  0.62098736 0.63633108
 0.56801593 0.55882245 0.5617761  0.64745516 0.55292571 0.54389083
 0.5429728  0.5450384  0.56540972 0.69994509 0.64155924 0.58320105
 0.63668847 0.62989658 0.54891872 0.60197634 0.60742825 0.63090503
 0.65629774 0.54330939 0.55317241 0.58354539 0.55161351 0.52781761
 0.55458719 0.53805423 0.59927601 0.65016156 0.61633748 0.53158712
 0.55816555 0.61955166 0.62463254 0.57557946 0.54408312 0.59444535
 0.57175261 0.6070562  0.63903624 0.5794282  0.54401892 0.52824539
 0.52222639 0.5895285  0.67922121 0.54720569 0.53796589 0.52058572
 0.54990977 0.58181763 0.52844894 0.59793049 0.56548136 0.5237844
 0.55197734 0.50783688 0.53701872 0.55568492 0.51761824 0.53351951
 0.50220877 0.53880656 0.55133098 0.54519701 0.52750975 0.49928692
 0.5547784  0.51739079 0.54787445 0.52651709 0.52051198 0.51493287
 0.52264923 0.5027352  0.53797179 0.52025461 0.53424734 0.56854421
 0.52177161 0.51386368 0.54318327 0.50338411 0.52581036 0.50070029
 0.52181697 0.51781738 0.51543123 0.49289092 0.58171397 0.52503961
 0.55150396 0.52433586 0.49554887 0.51509959 0.53389871 0.50865692
 0.54845154 0.51049423 0.55783826 0.56288958 0.53685671 0.49518755
 0.48986363 0.49109259 0.5617066  0.55031872 0.5315451  0.50583839
 0.57935554 0.48818007 0.49911371 0.52926207 0.47939092 0.48920381
 0.52154702 0.49728608 0.5925715  0.5272311  0.49209112 0.491375
 0.47906825 0.51641124 0.5489552  0.49828145 0.4896287  0.46588853
 0.4759565  0.46124721 0.53744662 0.52888197 0.52555299 0.47827163
 0.51270694 0.49383336 0.494757   0.48230499 0.51952636 0.51033252
 0.46367475 0.48907363 0.52867568 0.52666712 0.46906808 0.46033457
 0.45697001 0.46702334 0.45660636 0.47398901 0.45399892 0.49230152
 0.53090936 0.47990292 0.50438744 0.53375614 0.55779207 0.52721918
 0.50619626 0.49412218 0.47997689 0.48368868 0.47081593 0.45474672
 0.45998749 0.57128388 0.49884468 0.53327626 0.49557656 0.47579205
 0.45383686 0.46303234 0.44909722 0.44443712 0.43455371 0.4458814
 0.44908202 0.47378233 0.50586027 0.48569283 0.58797544 0.49032509
 0.4432162  0.47758803 0.46915385 0.45827597 0.46609765 0.48493627
 0.4701879  0.46908736 0.4589605  0.43967625 0.47107279 0.45322067
 0.46208033 0.47054321 0.4505662  0.48422247 0.57905048 0.47562549
 0.44067407 0.44393292 0.45647115 0.53109503 0.48482406 0.45345527
 0.45201671 0.44806245 0.42664659 0.42590094 0.47997412 0.53531265
 0.46389946 0.46697921 0.43629542 0.42689332 0.43841314 0.42473531
 0.44153959 0.45502001 0.5970003  0.5454582  0.46488038 0.42863524
 0.43566832 0.44260621 0.43727362 0.43538573 0.5332396  0.49958643
 0.47038701 0.43690279 0.42419401 0.42906129 0.44756553 0.46054476
 0.43743482 0.46979916 0.41860172 0.43219945 0.44348589 0.48022118
 0.47677651 0.42548838 0.45329925 0.45003569 0.48108202 0.44950595
 0.44495577 0.45328224 0.44860303 0.4407084  0.43168354 0.44585943
 0.41885859 0.41724727 0.4310728  0.4646351  0.45618802 0.47659829
 0.45930907 0.43578392 0.42608696 0.43334067 0.43708476 0.43049642
 0.41851881 0.4516255  0.44999331 0.44471362 0.42377728 0.43372041
 0.43973604 0.46195054 0.42578834 0.41610846 0.61812395 0.49939346
 0.43775705 0.41812694 0.42974916 0.44757372 0.44066465 0.43391669
 0.41011816 0.40857482 0.44423783 0.4295246  0.41901547 0.43888623
 0.43875551 0.41518575 0.41223502 0.4180181  0.4744083  0.45223302
 0.4479765  0.43789721 0.40670609 0.41141322 0.40513289 0.44017836
 0.47000566 0.51347357 0.46964321 0.42245454 0.44522882 0.41298392
 0.41669092 0.4238171  0.41160861 0.40893036 0.42518291 0.42218876
 0.40141651 0.40849406 0.41115797 0.4192498  0.48310712 0.43582511
 0.40370303 0.40739417 0.41702515 0.50580329 0.48918998 0.41196114
 0.40740028 0.40218461 0.41069072 0.438586   0.43037578 0.44688472
 0.45790386 0.43469322 0.40136549 0.42052525 0.40912616 0.40276527
 0.429681   0.44377616 0.42311519 0.43050465 0.42091703 0.42837602
 0.41924798 0.40067494 0.44122782 0.44925469 0.41902056 0.45753285
 0.4498401  0.41500029 0.43987006 0.43006918 0.42185825 0.40460926
 0.41004357 0.39276257 0.40365684 0.41879565 0.42437035 0.48806748
 0.45657372 0.41047159 0.45987865 0.45957559 0.47204819 0.44042647
 0.42515191 0.40095198 0.42255172 0.4400982  0.39474052 0.40169185
 0.51125616 0.52214944 0.4493601  0.41575718 0.41520336 0.40170321
 0.40972182 0.40989125]
 [2.24118662 2.16406178 2.04013252 1.87621343 3.63606787 2.31620908
 2.28437996 2.26690102 2.24257302 2.2135849  2.21545672 2.12163639
 1.99460566 1.89754653 2.08474684 2.15535069 1.90863574 1.61594248
 2.32307696 2.08590031 1.71090508 1.41601658 1.35392213 1.35317659
 2.59805751 2.1005187  1.89735103 1.64206541 1.97387946 1.69425511
 1.33823311 1.29505908 1.65182948 1.96010506 1.74259508 1.75951695
 1.29480112 1.03120172 0.93863213 0.94768918 1.30352139 1.33553326
 1.06744909 0.94726849 0.88769656 0.92258173 0.92624265 0.86759228
 0.8229661  0.80234432 0.90848458 0.88882208 0.83837736 0.76600647
 0.77774948 0.85062635 0.84491867 0.7904166  0.78792006 0.80585647
 0.7617808  0.71519369 0.69478244 0.6972301  0.73631197 0.74495637
 0.71784651 0.70876235 0.70720011 0.7162624  0.74011791 0.80582219
 0.74626678 0.83802128 0.80215204 0.69780827 0.6578244  0.64854652
 0.64204085 0.64004016 0.68703693 0.67300755 0.66503644 0.68899888
 0.70915639 0.68465149 0.6561293  0.64661103 0.63385618 0.61867976
 0.64413899 0.68859857 0.68054318 0.62748462 0.65902096 0.62671345
 0.71118104 0.66716492 0.63866824 0.64945823 0.62069178 0.62665272
 0.63071865 0.5893954  0.6213395  0.66019797 0.64970118 0.59856135
 0.62665874 0.67699879 0.69483179 0.69504505 0.60385388 0.59088445
 0.62712979 0.59530866 0.62564117 0.67552865 0.62375522 0.71185219
 0.70069641 0.66822535 0.65259534 0.60948628 0.61165917 0.58993524
 0.57934946 0.61038655 0.6498915  0.57447034 0.61235172 0.68415916
 0.65575355 0.57749873 0.54832041 0.56840992 0.59569049 0.5705803
 0.55776775 0.60945672 0.56965154 0.5542627  0.57885641 0.57614189
 0.55777735 0.56905681 0.5587734  0.54788762 0.68259317 0.84417325
 0.64759582 0.55655044 0.60205251 0.6146946  0.58032632 0.57835323
 0.54009211 0.57968199 0.56292593 0.60372752 0.55482996 0.54532331
 0.54410452 0.55707824 0.70234567 0.72501075 0.63493395 0.59552073
 0.54407221 0.56264257 0.59499723 0.55281883 0.54487365 0.54970634
 0.57915086 0.55230492 0.54718637 0.53003752 0.54416931 0.56792659
 0.61299652 0.52315062 0.52473503 0.51945609 0.58107561 0.58088708
 0.5358423  0.53627485 0.5241279  0.55376726 0.55405289 0.53546321
 0.52321213 0.54311675 0.56160331 0.57138187 0.51245219 0.55901635
 0.55967939 0.50639427 0.50847697 0.49318609 0.51280367 0.53319687
 0.54783612 0.52154529 0.52158171 0.50681669 0.55335593 0.56471235
 0.61998218 0.55230522 0.53247517 0.52985919 0.54123253 0.50194854
 0.51219463 0.50057185 0.52029485 0.53558677 0.5222584  0.49374881
 0.49049962 0.53615379 0.58292705 0.60228461 0.51397049 0.51096684
 0.50487524 0.52581388 0.53027844 0.49977282 0.55594933 0.50805771
 0.50315446 0.5213865  0.49161592 0.52029538 0.49976099 0.48910961
 0.50313747 0.48353451 0.49766192 0.53518027 0.49021304 0.46754292
 0.5030672  0.55442911 0.59888065 0.66661853 0.50182849 0.49092945
 0.47451031 0.50679708 0.56765556 0.60324353 0.50437623 0.51286453
 0.50740457 0.51524305 0.52692205 0.5101667  0.48258737 0.49362168
 0.47823212 0.56671333 0.62664878 0.55825639 0.485971   0.49022749
 0.5014323  0.47466201 0.47894678 0.46961987 0.54038626 0.5694738
 0.47441188 0.48753375 0.46606597 0.48946777 0.4643293  0.48457453
 0.49891198 0.49437818 0.46585679 0.45968243 0.52578372 0.50388938
 0.48893726 0.45864877 0.4546037  0.46559805 0.50586545 0.50964272
 0.48392847 0.47888312 0.46850625 0.47073668 0.4932417  0.47239962
 0.46042526 0.46668628 0.45641193 0.44608453 0.46388316 0.45272675
 0.49735576 0.50678295 0.49273795 0.47530854 0.47320694 0.45504746
 0.44600585 0.53096408 0.43855044 0.46160546 0.46062499 0.44692299
 0.49403644 0.51877981 0.52489311 0.51859117 0.45801908 0.44820181
 0.45391119 0.46770254 0.44656679 0.45510694 0.49242115 0.47265884
 0.50382876 0.50786942 0.44830665 0.44595045 0.46038136 0.45552617
 0.43854463 0.45167723 0.44290626 0.45506626 0.47117212 0.4926025
 0.56136209 0.47478187 0.45144278 0.45675734 0.45573145 0.4572666
 0.45692763 0.50296283 0.5025115  0.47045338 0.45462638 0.44059059
 0.45237559 0.45382199 0.47697279 0.44578639 0.44235796 0.4216077
 0.42751187 0.43506533 0.41659743 0.44565836 0.48534033 0.44719112
 0.5793342  0.6443755  0.5603466  0.44780913 0.44947651 0.43826294
 0.43346176 0.42947894 0.42610419 0.41356298 0.43322125 0.48446
 0.44542465 0.44391793 0.4422836  0.55763441 0.52148485 0.45761529
 0.43682906 0.44095191 0.45451298 0.43375045 0.41503608 0.41244063
 0.43341124 0.41579747 0.43313399 0.43672851 0.44734296 0.41231763
 0.41429028 0.44261241 0.46787545 0.44698402 0.4656958  0.46990377
 0.44822875 0.41869727 0.41203174 0.42392758 0.46437567 0.4230518
 0.41930807 0.42503783 0.4151246  0.44864658 0.40027481 0.4563733
 0.55407137 0.49038827 0.43261185 0.41620499 0.4253422  0.40356213
 0.40886366 0.40721816 0.40561271 0.39774525 0.41369936 0.42798564
 0.40838996 0.43660888 0.43933159 0.50884467 0.49699628 0.43323824
 0.42868239 0.42642933 0.42955342 0.42555353 0.43895972 0.43518019
 0.39886796 0.42862222 0.4517962  0.45680639 0.40548891 0.42065477
 0.41082305 0.43716553 0.53427714 0.54640204 0.4200854  0.40235054
 0.44556603 0.4254691  0.42266157 0.4295184  0.4162415  0.4199152
 0.49407324 0.43317392 0.41120255 0.41561332 0.41671798 0.41299883
 0.43158287 0.42689961 0.51081038 0.4263998  0.41043076 0.39951053
 0.4009892  0.41649839 0.41761529 0.40577516 0.41110292 0.41551054
 0.39409021 0.40028444 0.41795582 0.46788472 0.45760199 0.39308128
 0.38617682 0.39052859 0.41360819 0.40321639 0.4234181  0.38812998
 0.39405313 0.40271553 0.42028734 0.3972162  0.394086   0.40109152
 0.42493775 0.47108921 0.48901284 0.42550775 0.40624788 0.41208056
 0.43143287 0.41434777]
 [2.25487137 2.18589783 2.06908083 2.07863402 2.77874804 2.30021143
 2.28571153 2.26787925 2.23450351 2.18295479 2.07254219 2.01270175
 2.45897293 2.33091164 2.2817328  2.23759246 2.15036464 1.96503067
 1.60860991 2.97829795 2.44727445 2.27215743 2.18813014 2.05753255
 2.00304198 2.06299043 2.26803875 2.22772193 2.05555725 1.76680541
 1.52347708 1.93087125 1.86349595 1.58317876 1.5966233  1.34522533
 1.27658689 1.32957911 1.38337111 1.23728418 1.4041661  1.08604896
 0.94296563 1.25179827 1.20716393 0.97674328 0.84573299 0.94528264
 1.24458146 1.3554889  1.03713608 0.84612072 0.81977654 1.0050422
 1.1554141  1.30321789 0.91764903 0.86538643 0.84710002 0.78868347
 0.76147312 0.81048077 0.90593255 0.81763035 0.88319075 0.92108059
 0.74986219 0.73969889 1.04993558 0.93508661 0.74937403 0.70008123
 0.70348728 0.69723552 0.75131887 0.89007187 0.84597307 0.73537225
 0.71655899 0.78051579 0.76296824 0.75639826 0.69037873 0.69201827
 0.7487343  0.67618853 0.69327766 0.66950381 0.76346511 0.71211743
 0.67587996 0.74634463 0.75704646 0.66938782 0.68328446 0.63566369
 0.71769702 0.73393524 0.72180945 0.79138583 0.78612566 0.66158628
 0.64633065 0.66841781 0.68229133 0.62988514 0.63024867 0.65498209
 0.77185512 0.76808631 0.65488547 0.63683176 0.64937019 0.64961153
 0.66665548 0.65441275 0.63644224 0.64820445 0.62450588 0.64828849
 0.65018469 0.65095252 0.62614489 0.61125594 0.61343908 0.6409412
 0.60372317 0.65980738 0.63741326 0.63121039 0.63092023 0.71045798
 0.6169731  0.59933066 0.63032144 0.57670414 0.61586624 0.62488419
 0.72804451 0.61878455 0.59510344 0.61931229 0.56853199 0.58424002
 0.60056114 0.63541549 0.63664794 0.63409734 0.57527351 0.59779328
 0.55539775 0.58065683 0.6152606  0.65755105 0.59720308 0.57710111
 0.60473686 0.66981941 0.71351802 0.7396065  0.62766927 0.58857012
 0.57563126 0.63150048 0.62187755 0.58551967 0.57535195 0.55703753
 0.60212386 0.60679936 0.6580565  0.65080637 0.57477945 0.58148962
 0.57470417 0.56923145 0.58930075 0.57438934 0.56301248 0.59441578
 0.64730936 0.55032945 0.53820962 0.54111058 0.57586288 0.63338786
 0.56890351 0.55593491 0.61765784 0.60170823 0.67278641 0.63409102
 0.57987815 0.56668019 0.55684364 0.54729813 0.56598264 0.56906652
 0.57683784 0.59374309 0.57220364 0.57969373 0.58376956 0.54733783
 0.54089826 0.57630765 0.55055666 0.54825222 0.53891534 0.52985615
 0.58656633 0.7357685  0.66827768 0.56910193 0.53599989 0.52991307
 0.52677172 0.54024762 0.60157686 0.56887645 0.56154811 0.57550281
 0.52241504 0.53871328 0.52444595 0.51732546 0.62724406 0.68795651
 0.60693371 0.55556703 0.54756635 0.55307662 0.54829812 0.54051435
 0.54072833 0.54180032 0.54679823 0.58939892 0.61115259 0.57416314
 0.54074538 0.51411194 0.5274235  0.51744205 0.55006838 0.59335524
 0.55994123 0.49887466 0.50192297 0.52472371 0.65677983 0.54367316
 0.51723742 0.53536671 0.53882104 0.51161736 0.53128451 0.51247185
 0.52536386 0.52246028 0.54205263 0.58803231 0.53338611 0.52103645
 0.51505446 0.5512318  0.5289979  0.58591628 0.59984177 0.57192367
 0.52876508 0.52996868 0.52988607 0.50246209 0.49591088 0.49527565
 0.50723439 0.53468978 0.64360344 0.65624893 0.5228706  0.50052786
 0.49323633 0.49172696 0.53773606 0.51793379 0.524903   0.50665355
 0.55565429 0.62194651 0.52305007 0.49178734 0.48659405 0.50249112
 0.51732939 0.50925922 0.51947618 0.48576498 0.49793056 0.51640791
 0.63871372 0.55603439 0.4972997  0.48326871 0.49371123 0.48333648
 0.49067158 0.50683469 0.48434991 0.5792318  0.55000347 0.53001136
 0.49053681 0.48291966 0.4721756  0.51708716 0.49508232 0.54964828
 0.56539506 0.51668024 0.50014114 0.48347187 0.47680226 0.48446909
 0.51456916 0.50704849 0.52041024 0.54723513 0.49811372 0.46859765
 0.48131514 0.47550365 0.4657858  0.5470463  0.6014573  0.56353271
 0.50687498 0.52620631 0.48309588 0.47705439 0.49434292 0.4953604
 0.55072242 0.49768072 0.47080624 0.52445269 0.51168692 0.51039213
 0.51506227 0.51447701 0.50834483 0.4934479  0.53301752 0.47492379
 0.47008872 0.51363301 0.49957758 0.50827038 0.50997883 0.50977713
 0.48021758 0.5218125  0.55222434 0.48483804 0.47105864 0.46933448
 0.46736914 0.48165077 0.54852068 0.6131413  0.54031724 0.4845145
 0.48013556 0.48345283 0.46432626 0.45971617 0.45609155 0.47454613
 0.50004524 0.46663663 0.46687594 0.48423892 0.46689966 0.47958153
 0.53563744 0.5187012  0.45687455 0.46034405 0.4645547  0.46109498
 0.45731094 0.48496187 0.46272197 0.47080284 0.44972387 0.45120597
 0.47026703 0.49583447 0.50177199 0.50918794 0.4378584  0.46148497
 0.46010709 0.45271289 0.4387953  0.52064341 0.56168401 0.49856368
 0.45338589 0.45897511 0.48212349 0.46255809 0.47784945 0.45224154
 0.44438681 0.4428561  0.46246982 0.53838181 0.47178921 0.45803747
 0.48698369 0.45978692 0.45494238 0.46280488 0.49526381 0.52819204
 0.45359984 0.43261772 0.45646811 0.48918119 0.52913249 0.44572261
 0.44045991 0.44746694 0.45922026 0.44079229 0.46777642 0.4976671
 0.47412345 0.42957887 0.45922628 0.44127071 0.44046348 0.45077437
 0.4505063  0.45991567 0.50487751 0.46076778 0.46878746 0.45563453
 0.42650634 0.43933189 0.43106264 0.45617998 0.48191616 0.47146484
 0.45115733 0.42009121 0.44846293 0.47839823 0.44019604 0.42587686
 0.42854512 0.44677296 0.45264146 0.44377139 0.47878668 0.50067532
 0.45890194 0.43787494 0.46778241 0.49083975 0.49866855 0.50253505
 0.50003648 0.50363588 0.43078008 0.42435136 0.44201154 0.46983898
 0.46667665 0.46965826 0.45180792 0.43759346 0.43720827 0.44030148
 0.42785448 0.5016129  0.46309668 0.44495362 0.42008916 0.41508287
 0.42988011 0.46587777 0.48290196 0.43785781 0.42066762 0.44661719
 0.43701211 0.41051343]
 [2.26804328 2.23080778 2.1670897  2.06303859 2.00301123 2.966326
 2.30491567 2.25380516 2.21514511 2.16213298 2.10714388 2.03100443
 2.02102208 1.73691857 1.6573     2.55524969 2.31584835 2.26695013
 2.20830655 2.10489011 1.92341328 1.79174507 2.92325282 2.31079268
 2.26126122 2.1681869  2.00784135 2.60571051 2.28861594 2.26219583
 2.22314763 2.17062569 2.0926559  1.98742771 1.85940218 2.12459111
 1.81932914 1.51855934 1.48588896 1.96966696 2.09030914 1.7895453
 1.46793044 1.24956059 1.20139575 2.42187929 1.86957502 1.52932036
 1.37236118 1.32662773 1.3118937  1.63616705 1.50599134 1.08151066
 0.92862862 1.06740415 1.920766   2.07992744 1.36682487 1.22708631
 1.08210719 1.02941275 1.01151812 0.93277287 0.87433553 0.88562131
 0.97780871 0.98521143 0.82724804 0.77670753 0.84747803 1.10476565
 1.0000267  0.85881358 0.75775468 0.8131519  0.8418864  0.81894422
 0.79729158 0.76539773 0.76380086 0.70664185 0.7147668  0.76144099
 0.78992349 0.87600076 0.75003171 0.7465592  0.68019128 0.67305601
 0.66106725 0.69155103 0.75975418 0.73790437 0.70875019 0.74982953
 0.7593267  0.71882683 0.65522575 0.64675093 0.65434158 0.6953336
 0.73999143 0.65766966 0.62919128 0.61914635 0.61283988 0.72559065
 0.82944161 0.69248235 0.63194048 0.62682199 0.6351074  0.67383015
 0.64299995 0.62975234 0.63840538 0.64354593 0.68149072 0.64708567
 0.66415769 0.61511165 0.60732538 0.60168314 0.65008843 0.76969075
 0.70431584 0.6448676  0.59205788 0.63368881 0.64550936 0.60640836
 0.58869207 0.60733342 0.59783053 0.67671132 0.61078584 0.59160417
 0.60294908 0.59901631 0.57526213 0.62693    0.84997004 0.70152736
 0.60267854 0.5880667  0.58519572 0.58307171 0.64032716 0.65713692
 0.59495574 0.5640136  0.56163055 0.55753243 0.57837522 0.66627651
 0.61458379 0.56014043 0.57352692 0.59991831 0.5709812  0.55526692
 0.58764791 0.54970396 0.58571374 0.79644042 0.69613075 0.59989095
 0.55562586 0.55906141 0.55622327 0.58385223 0.56953967 0.57592082
 0.56830806 0.5993371  0.5907082  0.58053941 0.5450269  0.5553003
 0.5650273  0.54920846 0.55816209 0.53690106 0.54119319 0.54987651
 0.58833122 0.63234127 0.69863647 0.55968547 0.57058609 0.55038458
 0.5573101  0.58157372 0.55480784 0.60740072 0.53537679 0.52341199
 0.52203166 0.54881638 0.52363539 0.53946269 0.55820137 0.53194296
 0.50839627 0.51711982 0.53389692 0.55252653 0.61768186 0.56857175
 0.52843845 0.51235235 0.51411831 0.52629155 0.53111213 0.54942214
 0.55077481 0.5651623  0.5337823  0.64644128 0.68343782 0.52845913
 0.51299942 0.51406246 0.51784861 0.52272505 0.53852063 0.58150351
 0.56330413 0.61037409 0.55580705 0.52378833 0.50732517 0.52617449
 0.54923451 0.54716945 0.53536111 0.51018369 0.50446206 0.51495481
 0.57930762 0.5974735  0.52429008 0.56434047 0.53334838 0.5056904
 0.5042966  0.53901428 0.5584324  0.53125244 0.51049185 0.50962746
 0.53829092 0.5348596  0.51285034 0.51585549 0.56464773 0.58098143
 0.52264285 0.48912817 0.5007382  0.50367844 0.61900252 0.58682328
 0.52456826 0.48496395 0.49876168 0.49962223 0.51008451 0.52776355
 0.51399052 0.48518613 0.48255259 0.49557206 0.4922961  0.56090122
 0.56195992 0.51975256 0.47752988 0.47294575 0.50667685 0.49049199
 0.49433702 0.49783716 0.57975978 0.57853431 0.52782106 0.48628795
 0.4729878  0.47593778 0.52207458 0.54469013 0.54811192 0.4762913
 0.54556066 0.50750858 0.55611926 0.53928357 0.49477968 0.47989506
 0.4769733  0.49932748 0.50202024 0.51888394 0.52685255 0.4922497
 0.47286725 0.51736116 0.56479716 0.59159458 0.50364918 0.48234761
 0.46679717 0.47468281 0.47743434 0.50672007 0.49658862 0.45946002
 0.47821024 0.46703497 0.47398257 0.46529844 0.46623144 0.5587613
 0.71104836 0.63940209 0.49189076 0.48285723 0.46802846 0.46184805
 0.46171629 0.48298609 0.56153607 0.51294065 0.4777891  0.47797543
 0.46868148 0.47858876 0.46346226 0.49482661 0.48433384 0.53760773
 0.48759809 0.47136986 0.47058618 0.46206641 0.53731853 0.58706379
 0.50589818 0.47001532 0.47741005 0.46023813 0.5031321  0.4733392
 0.46618468 0.47607508 0.46656051 0.46108651 0.45790026 0.46945664
 0.48326674 0.44997677 0.46202728 0.46772027 0.56468135 0.50067687
 0.47464556 0.48864532 0.49448618 0.47418579 0.50035965 0.49009931
 0.47741151 0.47035414 0.46234354 0.45308807 0.46112314 0.50171018
 0.4582518  0.45882607 0.46008539 0.4478851  0.44816187 0.45698276
 0.50006169 0.47272706 0.44274613 0.45403656 0.49250153 0.47337925
 0.48734912 0.45701495 0.45695245 0.44678783 0.43474105 0.49251598
 0.54495823 0.58923435 0.50615656 0.44835225 0.44343603 0.43842587
 0.45584872 0.49150243 0.4779503  0.46403164 0.48748076 0.45272037
 0.44257665 0.45552358 0.4460046  0.44560489 0.4536556  0.47858438
 0.44651294 0.46980298 0.45000577 0.45151913 0.46510151 0.49744564
 0.4369964  0.44888422 0.4691793  0.51188397 0.4329952  0.45535836
 0.44570395 0.44497296 0.44172099 0.45251998 0.50843662 0.62515855
 0.46889886 0.45355821 0.43327197 0.43213487 0.43239823 0.44720832
 0.46293056 0.43011552 0.42285523 0.43031791 0.43601763 0.46047652
 0.43454331 0.45732328 0.54543614 0.48565125 0.48074672 0.47360346
 0.43107364 0.43372676 0.4400692  0.42457598 0.43040478 0.43794477
 0.42328912 0.45494869 0.4594087  0.46758375 0.42303094 0.43853268
 0.4268181  0.42701197 0.497713   0.45932236 0.4207024  0.42549229
 0.42911211 0.43081591 0.42471129 0.44503832 0.45436987 0.45083565
 0.47326905 0.47104132 0.41874287 0.42132583 0.45067012 0.44671622
 0.45816064 0.44851378 0.42747775 0.43172431 0.41679776 0.41969058
 0.43068531 0.41399789 0.41970345 0.40858263 0.41175917 0.42754799
 0.44246641 0.4486995  0.49772841 0.484442   0.44554052 0.42078662
 0.42382881 0.41060194]
 [2.24722004 2.18477321 2.12932491 2.19064879 2.04151154 1.82200348
 2.48665714 2.26787996 2.21150398 2.09923267 1.9638387  2.83248353
 2.23327804 2.12919307 2.07287836 1.95550179 2.09779286 1.97327554
 1.57996655 1.62559485 2.15518665 2.25741529 2.10346937 1.77568638
 1.4733063  1.57076049 1.39218354 1.54799581 1.16759419 1.0437727
 1.71315503 1.73520172 1.59480894 1.86678398 1.2430352  1.01491702
 1.41916752 1.29542232 1.18824947 0.98669934 0.88613731 1.11496043
 1.30027103 1.04544914 0.86659646 0.8376618  0.92643738 1.23962629
 0.94617814 0.81101394 0.76849818 0.80820858 0.88867819 0.94881076
 0.86216122 0.79982853 0.71939045 0.71053553 0.77436477 0.72131968
 0.70542496 0.69896531 0.82531077 0.79467368 0.72466207 0.65777922
 0.74864459 0.93152511 0.75677776 0.68964607 0.70473796 0.68977928
 0.69402379 0.65240663 0.660981   0.68681091 0.73919523 0.80557561
 0.66471809 0.6223079  0.63607222 0.6779843  0.72173536 0.77504569
 0.6688385  0.66167516 0.62206858 0.62714946 0.6561712  0.61947668
 0.61346656 0.76175183 0.84311086 0.70818305 0.64415377 0.65832686
 0.63656342 0.70532376 0.68871045 0.69572842 0.61806673 0.60007405
 0.60485065 0.60603207 0.61186469 0.58303678 0.6079939  0.64936346
 0.67339361 0.86597967 0.64480221 0.59002668 0.58233273 0.59896636
 0.66566306 0.60273379 0.55929273 0.59138614 0.60742903 0.59492773
 0.63210297 0.59279501 0.65678287 0.73738235 0.58714592 0.55660367
 0.54683316 0.57402891 0.57618278 0.62250495 0.61381936 0.6144684
 0.57397503 0.59843248 0.56173992 0.58503968 0.67864698 0.64583743
 0.59642333 0.5696612  0.55202734 0.52886707 0.60945052 0.58629096
 0.65570313 0.62241894 0.61893088 0.57490176 0.53959036 0.5496524
 0.55960464 0.56355804 0.5542689  0.55598867 0.54956627 0.54212683
 0.57759213 0.60664439 0.56962478 0.53051746 0.57484531 0.53032875
 0.67180687 0.56628597 0.55373454 0.60255301 0.61829561 0.59429234
 0.5214408  0.52491206 0.5376817  0.54123342 0.5679307  0.55129695
 0.52596509 0.52695835 0.58135605 0.54953802 0.52825397 0.54039788
 0.53346115 0.51310188 0.5834052  0.60604846 0.5265283  0.53310657
 0.52479631 0.5083074  0.52096981 0.53910536 0.54088259 0.54716355
 0.49388614 0.57114834 0.54609138 0.52559191 0.54316163 0.51384187
 0.51886183 0.49900463 0.49763119 0.51623154 0.60879469 0.53848296
 0.52484155 0.5086146  0.48512363 0.50369996 0.54205054 0.63535571
 0.67974669 0.58136666 0.4960556  0.49993092 0.48944923 0.53038466
 0.53919566 0.512945   0.50917298 0.59023237 0.62624836 0.57115245
 0.52504015 0.5062778  0.49973008 0.51965433 0.49362671 0.498263
 0.49789757 0.47752056 0.48190743 0.50461411 0.46378863 0.4732796
 0.54149693 0.5503177  0.53085762 0.51975715 0.53651071 0.50693434
 0.49497989 0.50549006 0.49891913 0.48376128 0.50401038 0.52046567
 0.59248763 0.49130714 0.47793019 0.47481427 0.48880202 0.5128718
 0.50132644 0.48656464 0.46873125 0.47060758 0.47009644 0.48621961
 0.48269185 0.47191367 0.59156245 0.51336998 0.57797462 0.52325082
 0.51071823 0.47434863 0.45571885 0.46202558 0.45827985 0.51166773
 0.51784527 0.47620636 0.46819359 0.48454356 0.54110014 0.47809941
 0.52374023 0.4994311  0.57172    0.61374819 0.5342133  0.48226616
 0.49038121 0.45716634 0.4656691  0.47447032 0.49507621 0.45043829
 0.4591271  0.48133129 0.54807305 0.49024487 0.48866123 0.53362381
 0.50276858 0.48260093 0.50562358 0.51372159 0.44968805 0.4525336
 0.49996319 0.48821357 0.48133662 0.49911186 0.4516187  0.46349105
 0.47436163 0.46310729 0.45618615 0.45432186 0.50509059 0.55716902
 0.4882226  0.45605966 0.46368766 0.49260923 0.45061415 0.45382065
 0.47389701 0.4469918  0.47090161 0.47397548 0.50851142 0.49871612
 0.46422681 0.44690514 0.43905488 0.43529212 0.48887813 0.51532733
 0.487129   0.44716039 0.50144267 0.43631762 0.47779381 0.4422453
 0.44028553 0.44040668 0.47742394 0.46160889 0.43331528 0.46857744
 0.42839071 0.46220547 0.43706006 0.46936372 0.47599101 0.45563227
 0.47102055 0.47914952 0.43776083 0.43951923 0.42773682 0.44663531
 0.51877332 0.50307173 0.43620694 0.43502417 0.42882735 0.42832223
 0.413748   0.45289662 0.5306657  0.56950688 0.4769204  0.43720853
 0.43110234 0.4188894  0.42934892 0.4293395  0.42766747 0.43789911
 0.48478305 0.43955514 0.47550288 0.48359859 0.476477   0.43523911
 0.4204767  0.4485307  0.41817379 0.42276362 0.51421744 0.56299937
 0.46486664 0.45788312 0.42013335 0.43193886 0.4243046  0.4345018
 0.41830829 0.43667114 0.43800518 0.45728019 0.42176273 0.45252842
 0.41504267 0.43047062 0.43488038 0.50501633 0.42057982 0.43003023
 0.41946051 0.42604327 0.41586107 0.45072579 0.41005543 0.41311845
 0.42151728 0.4940027  0.49673188 0.4758794  0.43874273 0.44271514
 0.41182223 0.41213807 0.42750078 0.45563495 0.44117525 0.44459745
 0.4316538  0.40549687 0.42549911 0.42916533 0.51217866 0.46517599
 0.45429844 0.4418456  0.43467769 0.43530166 0.41551152 0.40890333
 0.41283673 0.42557022 0.47591344 0.45386064 0.41102719 0.44697514
 0.42799619 0.4608348  0.41138145 0.412815   0.41820195 0.4182418
 0.4128978  0.4537642  0.42645133 0.42682457 0.44010392 0.49517193
 0.41877794 0.40388465 0.46439064 0.42319179 0.44424513 0.47413731
 0.41123018 0.42125362 0.40378433 0.4217478  0.39797646 0.45322153
 0.43314418 0.40557316 0.3915171  0.39496738 0.41250572 0.42826602
 0.4056491  0.41346264 0.3993412  0.40917635 0.40571025 0.43613771
 0.4211897  0.47622421 0.4647958  0.39541015 0.43165225 0.40403834
 0.41476724 0.42061147 0.41328532 0.39828715 0.41453382 0.38939884
 0.44834056 0.41675791 0.38427651 0.43862197 0.38774389 0.39199421
 0.40439335 0.38307995 0.40452799 0.58827299 0.44144478 0.42571676
 0.46858311 0.44616216]
 [2.24602413 2.15671563 2.15162706 2.21889424 2.13072801 1.99556506
 2.1941855  2.1758306  1.7843008  2.04496241 2.56423759 2.29544783
 2.2057507  2.06067252 1.91328359 3.12090921 2.30864286 2.26830792
 2.23439455 2.17672372 2.09097314 2.12898088 2.21598029 2.06449962
 1.81771481 1.88335025 1.85975897 2.01255536 1.87808108 1.52716672
 1.5672698  1.2245481  1.11184907 1.23890698 1.3643707  1.36927533
 1.02528501 0.90330911 0.95709288 1.04725254 0.97784197 0.9894551
 0.95245969 0.86146259 1.01177502 1.12074125 0.88796455 0.77164274
 0.86332512 1.2521311  1.08542871 0.76505101 0.71566814 0.75790787
 0.81183219 0.86070126 0.76798338 0.7027536  0.72168386 0.74903315
 0.75291777 0.67823184 0.6657306  0.69197273 0.84819871 0.82743514
 0.69708246 0.65947598 0.73282099 0.77307868 0.74460381 0.69769633
 0.62511188 0.66100878 0.7095353  0.70057827 0.63841218 0.63999557
 0.64328277 0.66421348 0.80344385 0.96956092 0.77922648 0.65003884
 0.68269056 0.67200899 0.6486541  0.68761516 0.64730996 0.6202969
 0.61407584 0.61251712 0.61479127 0.6158002  0.60227907 0.57207578
 0.61790198 0.61490351 0.57917178 0.64320874 0.63672274 0.60792655
 0.60517383 0.6242221  0.60025883 0.58595514 0.63599998 0.68445057
 0.57322782 0.59000695 0.63979387 0.63515222 0.64088601 0.67418909
 0.57968223 0.57203871 0.57596934 0.66200721 0.68051356 0.59356588
 0.55641282 0.56548458 0.56442451 0.56653267 0.56361258 0.56657177
 0.5567553  0.57932085 0.63797253 0.55272454 0.56203616 0.57439941
 0.5385955  0.54557598 0.63934094 0.63610715 0.55953002 0.54406059
 0.53986716 0.55599415 0.53859353 0.62873417 0.56633723 0.53512317
 0.54132771 0.54621887 0.55408633 0.52759856 0.51064163 0.52427042
 0.53939486 0.55641782 0.57638252 0.56111258 0.53407204 0.52997142
 0.51651633 0.53246361 0.52187777 0.54954934 0.64186144 0.60945678
 0.58165598 0.52417976 0.54246211 0.63639146 0.690579   0.5719611
 0.53911108 0.51034802 0.5457648  0.52296829 0.49108741 0.53734803
 0.52530307 0.53860718 0.51603496 0.51368874 0.53295702 0.48863482
 0.51180005 0.53277093 0.51472014 0.55185795 0.64174223 0.57729471
 0.54006237 0.51818055 0.51871985 0.50849837 0.48865631 0.49935284
 0.50575441 0.49767017 0.50177538 0.52700156 0.50200027 0.51857996
 0.49556005 0.50046533 0.63067412 0.71809119 0.63684165 0.5442884
 0.52013791 0.49836299 0.4989419  0.53138471 0.51413769 0.49559575
 0.52312839 0.50935221 0.48568189 0.57510388 0.50207347 0.50087178
 0.54534668 0.54367185 0.53446329 0.50141513 0.49458134 0.53723502
 0.49104428 0.49348888 0.49289775 0.53927749 0.50361717 0.53436905
 0.48403424 0.48642334 0.48327988 0.47955424 0.49287754 0.53620899
 0.50640523 0.49026254 0.51752275 0.57221949 0.50320101 0.49802002
 0.47421908 0.46436012 0.4838959  0.49997631 0.47136796 0.4861227
 0.59014469 0.56290287 0.52262443 0.49207354 0.46247691 0.48482823
 0.49885264 0.45928353 0.49708813 0.45300508 0.5250265  0.52197683
 0.5106138  0.46544394 0.46682578 0.45296299 0.46501538 0.4746103
 0.51245499 0.52044964 0.54671955 0.50357693 0.46816227 0.4582772
 0.46499303 0.46588939 0.45736074 0.4824537  0.45068175 0.48419932
 0.50723875 0.46444303 0.4641712  0.64192301 0.58574778 0.48389086
 0.44346261 0.4676148  0.47745961 0.45182496 0.46002436 0.48740777
 0.51608318 0.47873101 0.43980333 0.46680468 0.50353754 0.4647125
 0.46482638 0.49403203 0.45854154 0.45097652 0.44302401 0.45898604
 0.4469915  0.52712727 0.4997434  0.45247731 0.43395153 0.48180309
 0.44767743 0.47663745 0.44761392 0.45373473 0.44057301 0.46600971
 0.47107652 0.48148754 0.45902616 0.45886749 0.45665088 0.42566153
 0.45178252 0.51982814 0.49528173 0.43902582 0.42183095 0.43962553
 0.44932845 0.43854854 0.4470084  0.43850601 0.4461152  0.44051474
 0.52296048 0.50755191 0.45188898 0.45077217 0.44227973 0.43990001
 0.46445757 0.52051175 0.64037389 0.49663335 0.45998073 0.45949721
 0.4568961  0.4444373  0.44495946 0.45759898 0.429993   0.43230534
 0.45231372 0.44683033 0.44899908 0.44443417 0.44320983 0.46176353
 0.48929393 0.43589911 0.43176523 0.44105947 0.43143916 0.45120019
 0.44368824 0.45106885 0.41640776 0.42276084 0.44964606 0.48070151
 0.50495368 0.44991115 0.44100654 0.43988702 0.46434683 0.44918486
 0.47318646 0.45172042 0.42478853 0.44816953 0.45103434 0.42449677
 0.43262324 0.41697115 0.4246287  0.45472538 0.46370474 0.43798867
 0.44122672 0.44297475 0.41931674 0.42618042 0.4273538  0.43208876
 0.4419477  0.44269913 0.47062731 0.46249154 0.441771   0.42271078
 0.41553456 0.40916517 0.42728209 0.42705765 0.46403942 0.40988135
 0.41228867 0.51232499 0.51020873 0.43989956 0.42020786 0.40680414
 0.41419545 0.41208315 0.41875923 0.42609093 0.41965318 0.42518115
 0.41718614 0.41098267 0.39988527 0.41190922 0.48748139 0.48217261
 0.43694684 0.4378314  0.42312926 0.48054707 0.40794989 0.4103626
 0.42816076 0.4170956  0.40174288 0.4187896  0.43391919 0.40117741
 0.43268594 0.44483468 0.44811079 0.43802598 0.41104609 0.39816377
 0.42362928 0.43585831 0.43951812 0.41055521 0.4238002  0.38705492
 0.41646528 0.45173404 0.41644058 0.3978605  0.41362345 0.39545825
 0.40173492 0.4092257  0.46757081 0.48918989 0.3930541  0.400767
 0.40087828 0.42457852 0.57101876 0.47265005 0.45352745 0.40927175
 0.41296807 0.42259344 0.45341387 0.41014713 0.41378585 0.45617953
 0.42558444 0.38735875 0.40011063 0.40630773 0.43410087 0.41043526
 0.38404715 0.39916584 0.44396046 0.41198212 0.41968265 0.42896509
 0.39345267 0.40675911 0.40399149 0.40653643 0.40029684 0.41340059
 0.44143334 0.42605391 0.38897809 0.43585005 0.37910071 0.39909211
 0.41335654 0.39270553 0.38802913 0.43375343 0.42936605 0.40211558
 0.39689526 0.43319488]
[2.24251461 2.16069818 2.00108194 2.05065727 2.71704197 2.29723549
 2.28868818 2.27502775 2.25270438 2.22307491 2.18616629 2.11134863
 2.00739861 1.8307848  2.41109443 2.33498311 2.14431715 1.96254861
 1.9163723  1.95671797 2.27256465 2.02014685 1.80030584 1.92373908
 3.03212118 2.11022544 1.78298712 1.53560615 3.1765399  2.29947186
 2.24260116 2.18485665 2.12512183 2.00698328 1.88989568 1.85975778
 2.0785749  1.98384297 1.52727258 1.60017741 1.60511303 1.59703338
 1.24286306 1.16571546 1.49224973 1.51612949 1.17715287 0.97421378
 0.97595847 1.01778674 1.27496028 1.22468877 1.0048511  0.8721844
 0.85505295 0.93047786 1.00746143 0.83157098 0.80991429 0.81606716
 0.99831516 1.02883828 0.84040076 0.76996762 0.73364139 0.71501881
 0.75956529 0.76980931 0.71302611 0.73668247 0.72144485 0.76959026
 0.77905411 0.82472199 0.75010055 0.72547448 0.74118954 0.77569813
 0.73424709 0.77735889 0.68299407 0.69766486 0.72517186 0.7299642
 0.78310788 0.71451432 0.67983478 0.71023089 0.68327188 0.67143762
 0.66351968 0.66902995 0.66371477 0.64349729 0.63855612 0.66467559
 0.64449412 0.69678468 0.7596963  0.69905001 0.67213154 0.67723459
 0.75694424 0.65465122 0.6243549  0.69714218 0.66154367 0.70512366
 0.91716886 0.76685715 0.68733001 0.66664743 0.62322038 0.60233635
 0.63715798 0.63408035 0.69600254 0.68983388 0.71082288 0.67223161
 0.65725344 0.63916624 0.61697292 0.60050684 0.64101791 0.60749257
 0.62756902 0.6071434  0.61641419 0.62264395 0.56767374 0.56914985
 0.56442082 0.58718109 0.61802375 0.59457028 0.60561311 0.59425652
 0.65024382 0.59537971 0.5793618  0.57149959 0.58739036 0.57296467
 0.60922998 0.61165309 0.61583364 0.57955998 0.55981165 0.57457501
 0.57001787 0.56778961 0.57739246 0.66322225 0.64127278 0.61115032
 0.55800313 0.57219082 0.62609392 0.64760953 0.57070231 0.56648874
 0.54638308 0.54460102 0.53971589 0.54379237 0.54692221 0.65212154
 0.59079504 0.5330826  0.56697643 0.58667862 0.55121648 0.52051646
 0.52688277 0.61071235 0.61319178 0.64849222 0.55907071 0.59607524
 0.66920024 0.59452677 0.5520786  0.54331166 0.58675718 0.60700393
 0.54694235 0.5221557  0.52432209 0.53002107 0.52886564 0.60568947
 0.59019333 0.57224286 0.53798252 0.50780767 0.51395178 0.51576823
 0.54282331 0.57842058 0.5416491  0.51958954 0.56391913 0.54693502
 0.51937282 0.50811243 0.50325674 0.51058966 0.55289263 0.54776764
 0.5109446  0.5262984  0.68843067 0.61221015 0.55328017 0.56514657
 0.51026595 0.54931676 0.52611536 0.52283913 0.54743278 0.56710309
 0.51763487 0.50506526 0.51739216 0.54954314 0.51342714 0.53279871
 0.52540851 0.50122356 0.48857075 0.55715269 0.51642478 0.49261388
 0.49270019 0.49025279 0.51417559 0.6285966  0.64870191 0.52061927
 0.50151843 0.5000242  0.51090366 0.48676026 0.51307106 0.62457621
 0.55108607 0.49490577 0.49250165 0.52545625 0.47996494 0.51762491
 0.48339054 0.52237034 0.54526222 0.52837163 0.48896855 0.50818342
 0.52116883 0.48537162 0.54811066 0.5888359  0.56678331 0.47395381
 0.48966783 0.4978933  0.48565298 0.47691417 0.50630343 0.49483517
 0.47973868 0.52149749 0.56946218 0.48405668 0.46738529 0.46365747
 0.54632938 0.56158566 0.53257138 0.49939126 0.48884642 0.4667441
 0.47621456 0.53469384 0.485185   0.52867645 0.51912433 0.50330168
 0.47022733 0.46290973 0.48831016 0.50976229 0.5535953  0.53227997
 0.47898921 0.47235429 0.47214994 0.46434122 0.47977588 0.47552314
 0.48896    0.47689706 0.46530464 0.51241893 0.48392099 0.49377245
 0.51208806 0.45615104 0.44854477 0.45660362 0.45257178 0.51585132
 0.50216013 0.53935874 0.50275689 0.45574194 0.46243495 0.47129205
 0.48634991 0.52773619 0.50415379 0.49361861 0.46663433 0.50175369
 0.45443976 0.44147679 0.45241299 0.46599999 0.4556165  0.51490647
 0.55403274 0.5289036  0.45337051 0.45188156 0.46812701 0.45982477
 0.47879156 0.48306933 0.4775497  0.46855751 0.46683413 0.44551718
 0.51164359 0.4717786  0.47696826 0.52488697 0.45921645 0.44022647
 0.43554404 0.46892303 0.46390748 0.46662471 0.43948418 0.43614697
 0.44992149 0.46630639 0.51626533 0.50543928 0.48932329 0.45853776
 0.4556649  0.46745214 0.48156455 0.45421237 0.45490903 0.48573369
 0.4360227  0.47531757 0.44537669 0.4376663  0.44631752 0.45593378
 0.4418228  0.43437642 0.45968407 0.43301064 0.43843275 0.43248332
 0.4278892  0.49304    0.52165186 0.46715039 0.44385973 0.45954502
 0.49242941 0.44937187 0.456402   0.44299233 0.44131234 0.45721993
 0.46338975 0.44413722 0.45313197 0.51601672 0.44098085 0.43307695
 0.5169149  0.52936125 0.4388248  0.43284664 0.43192691 0.43581113
 0.43664572 0.44054914 0.42829737 0.46309149 0.47012275 0.49464533
 0.43680543 0.42858166 0.43379423 0.43657002 0.47218174 0.45824486
 0.42041299 0.42485234 0.42923695 0.41593063 0.40904889 0.42128056
 0.4427835  0.48078465 0.48026919 0.43092304 0.42437598 0.45481846
 0.44174296 0.46953085 0.42712694 0.428711   0.43134364 0.45153809
 0.54409248 0.43002573 0.40770006 0.4105919  0.44779834 0.42960316
 0.45113257 0.44039878 0.46985054 0.43448886 0.46737096 0.42124063
 0.43132079 0.43346524 0.43673891 0.4214268  0.48630831 0.46180049
 0.43643722 0.40927455 0.41413927 0.42292973 0.50440085 0.51298475
 0.44131032 0.44373968 0.41149664 0.42639038 0.42201889 0.4327434
 0.4179545  0.42949232 0.42770419 0.42930356 0.43073794 0.41759703
 0.40668839 0.4086906  0.41343951 0.41309395 0.42516392 0.42394662
 0.40531296 0.40579346 0.41878024 0.41159105 0.42325968 0.40347406
 0.43191466 0.49829102 0.47188252 0.42694005 0.40734839 0.40568852
 0.43414435 0.46268627 0.40943485 0.42774066 0.45688555 0.433929
 0.42635873 0.41487953 0.44808862 0.43584496 0.42025453 0.41652003
 0.40377086 0.4146339 ]
 [2.24185872 2.16358256 2.02992511 2.02399421 2.24674344 2.21109629
 1.96683764 1.5950309  2.83058882 2.34721351 2.27627277 2.22308874
 2.16425753 2.06185269 1.90436578 1.71395922 2.21861005 2.19960427
 1.98304546 1.9574635  2.8195765  2.21249986 2.04456186 1.75952089
 1.50618267 1.33418918 1.50419319 1.20941103 2.20905924 1.64216912
 1.47812057 1.91622603 1.93894243 1.6631521  1.44326723 1.22772968
 1.0231638  0.9198615  0.97702676 1.17917025 1.38706958 1.19039166
 0.96454132 0.8732084  0.83134091 0.89481819 0.81362891 0.79149348
 1.20632637 1.21116006 1.00019109 0.85677499 0.83021414 0.78021246
 0.75834531 0.72921091 0.92599559 1.03109252 0.83623409 0.70008957
 0.68376601 0.67687917 0.67844397 0.7080608  0.89873415 1.02225816
 0.82251346 0.71828878 0.67474675 0.67239273 0.68036228 0.66697782
 0.65890568 0.63052154 0.62883854 0.68063474 0.71951526 0.71978909
 0.68906516 0.62964749 0.61327088 0.67956847 0.8012408  0.78351146
 0.6627112  0.6397922  0.62913781 0.63158453 0.61784202 0.61163586
 0.61968547 0.6589132  0.63223326 0.61529744 0.59172088 0.57788497
 0.58885074 0.59716338 0.67564571 0.67115122 0.68744969 0.66894293
 0.63370657 0.62189192 0.61841726 0.58671999 0.59179115 0.62029493
 0.61324227 0.59752148 0.63504386 0.79405141 0.63444442 0.56623775
 0.57552803 0.58135837 0.55869055 0.55737138 0.55768532 0.5543831
 0.5695715  0.57830215 0.6268779  0.56507546 0.56816965 0.55601662
 0.58671796 0.61405396 0.67585832 0.65945125 0.62428898 0.61450535
 0.57039464 0.54899538 0.5390963  0.5539487  0.54098547 0.58926976
 0.55819535 0.56331682 0.57071084 0.59766567 0.64212751 0.58032817
 0.54417747 0.55663407 0.57527673 0.57713884 0.60211718 0.56747967
 0.53045881 0.52769732 0.56272256 0.59335005 0.55951542 0.51538354
 0.51980627 0.51963967 0.51193732 0.52472937 0.51825207 0.52375907
 0.51510388 0.56985056 0.60871613 0.54765069 0.53727406 0.51866192
 0.52240032 0.53024268 0.51706594 0.54489881 0.61399251 0.56307644
 0.50494015 0.49653888 0.52906996 0.53726768 0.58952951 0.52686697
 0.52831638 0.50267196 0.49242124 0.49401808 0.51450163 0.52579796
 0.49399576 0.50137854 0.53857732 0.5135231  0.5759142  0.52505904
 0.51693171 0.53189117 0.54531127 0.51034659 0.49526489 0.53180438
 0.51394218 0.51942778 0.47783175 0.47336343 0.47169605 0.47314179
 0.50575769 0.50842822 0.54755986 0.55596346 0.53169227 0.53571302
 0.5553053  0.50055361 0.47976792 0.4859606  0.47347999 0.48304829
 0.46674716 0.53199691 0.54156905 0.53041703 0.51400781 0.51278156
 0.55591208 0.49974453 0.49005499 0.49427006 0.47945347 0.47439277
 0.5150454  0.58901155 0.62189472 0.52316964 0.47675243 0.47395399
 0.49897563 0.45871368 0.46924511 0.48539454 0.4765414  0.51095217
 0.52767926 0.51363963 0.47363734 0.48716119 0.47389409 0.47449046
 0.44482192 0.43644992 0.45132616 0.48587435 0.47832564 0.43994784
 0.43690211 0.43663707 0.5085935  0.57716662 0.4463734  0.4654285
 0.47043467 0.46896562 0.46961582 0.46516576 0.4864088  0.54285014
 0.57794946 0.56076908 0.4738296  0.43873522 0.45002681 0.46316859
 0.50690126 0.46363911 0.46415231 0.45563716 0.47540352 0.45105562
 0.456444   0.46188551 0.48459697 0.47587037 0.4463647  0.43770653
 0.43030021 0.4435586  0.43604726 0.46077564 0.43308911 0.43935665
 0.46400142 0.49258804 0.54875457 0.47704887 0.43085757 0.43575734
 0.45220953 0.46156421 0.46757042 0.484631   0.45854911 0.45935592
 0.4849079  0.50079578 0.46031377 0.42697123 0.43368632 0.44825596
 0.52987242 0.57128835 0.53432614 0.44905668 0.4291755  0.45784444
 0.45962739 0.43323594 0.44776064 0.44131166 0.44236055 0.44442716
 0.43952772 0.44962436 0.45984674 0.42006835 0.4694213  0.44449389
 0.43044463 0.45065761 0.45034531 0.42050362 0.43554872 0.42581254
 0.4167912  0.41774493 0.43217203 0.45845497 0.52783352 0.50028592
 0.43658885 0.41699928 0.40901288 0.41371459 0.4129419  0.41617572
 0.40404201 0.43261093 0.44269595 0.41679463 0.42437974 0.42942521
 0.41424981 0.41978192 0.40152177 0.40675372 0.43541655 0.4308486
 0.41598213 0.47460502 0.46972907 0.46481049 0.44104615 0.42528155
 0.41292897 0.41529354 0.43459907 0.43920326 0.43503511 0.49206132
 0.42504829 0.41226327 0.42377773 0.46300048 0.46317393 0.42662677
 0.47573063 0.45615619 0.39900553 0.4047721  0.44118658 0.46577397
 0.41210917 0.40280503 0.42275703 0.42829028 0.39975488 0.40911746
 0.40033031 0.42405406 0.42332816 0.41706219 0.45667973 0.42084986
 0.43433487 0.42476812 0.42824742 0.46899283 0.48738155 0.41094321
 0.4129338  0.40595055 0.39879677 0.40831622 0.42980108 0.41973609
 0.42603579 0.39569721 0.39385831 0.40125427 0.40018952 0.42126542
 0.42605102 0.42827451 0.44012246 0.41292059 0.40383857 0.44783545
 0.45775864 0.42299935 0.3973799  0.39604184 0.43027619 0.42480507
 0.38326675 0.39560932 0.39386249 0.41286495 0.3989673  0.39851528
 0.40993661 0.48400697 0.56237674 0.45725074 0.40503213 0.40084338
 0.4019444  0.39895371 0.4095301  0.3972024  0.40714338 0.39158627
 0.39097756 0.39920804 0.39535323 0.43890956 0.43471581 0.38691503
 0.39277744 0.38675639 0.39433274 0.38080555 0.39200944 0.39930537
 0.38821852 0.38065079 0.38595101 0.38407248 0.38795605 0.42571798
 0.48882484 0.4645921  0.40159059 0.38747004 0.38993293 0.40082821
 0.51957095 0.48050782 0.39514241 0.38352016 0.39159477 0.38470665
 0.38184479 0.4319025  0.38150525 0.39465433 0.38665366 0.38868478
 0.38719422 0.37981501 0.38673285 0.3868106  0.38710371 0.40825543
 0.39020717 0.41640723 0.41229805 0.40431949 0.42312953 0.39416349
 0.38160017 0.39252251 0.39844853 0.43122968 0.38435322 0.38479364
 0.38092196 0.38155505 0.39363551 0.38353515 0.39956793 0.4091031
 0.46687376 0.4113349 ]
 [2.2368207  2.16290498 2.04989219 2.31286454 2.37049127 2.28008914
 2.20647073 2.08093095 1.84818959 2.52212667 2.39306879 2.29070473
 2.2693193  2.24801302 2.22121739 2.18620181 2.12015557 2.10431218
 2.14896607 1.89770377 1.87250805 2.25245357 2.17433619 1.96020138
 1.66621029 1.53441072 3.39222741 2.17481661 1.95284438 1.70835805
 1.60447359 1.9294281  1.76141798 1.29826355 1.16891909 2.14356542
 2.00075436 1.6837002  1.45446086 1.31448448 1.64528072 1.23441625
 1.01281452 1.52356744 1.78931916 1.45486248 1.23690689 1.12302935
 0.98134708 0.94714266 1.28545201 1.38121045 1.19992471 0.95130789
 0.85644192 0.78773177 0.83389395 0.88708144 0.80374467 0.75510848
 0.73761648 0.78750217 0.77582389 0.71574265 0.73813844 0.85743928
 0.86270118 0.83521712 0.79049683 0.68919724 0.68704796 0.70737064
 0.73430014 0.67858988 0.67280006 0.72940403 0.71967894 0.90264231
 0.73951477 0.67641699 0.65071154 0.64748502 0.62910992 0.68653917
 0.75335652 0.86961728 0.76721233 0.67527622 0.62379348 0.72770071
 0.71932721 0.66650587 0.62740761 0.61277646 0.61778599 0.62295169
 0.63618904 0.60367161 0.63995087 0.69084108 0.66568124 0.64156973
 0.6027655  0.65092295 0.64205486 0.68130523 0.66516912 0.59436345
 0.58455783 0.5677349  0.60125965 0.57230538 0.57962859 0.6129126
 0.7297349  0.7474795  0.68824756 0.57919294 0.56394851 0.57441676
 0.59533453 0.62681937 0.5894829  0.56810296 0.59349424 0.57168269
 0.62832105 0.58247942 0.55049568 0.53773367 0.5682106  0.57807916
 0.60159832 0.55723864 0.60916293 0.61240292 0.58352029 0.54371554
 0.56496316 0.55754411 0.55193996 0.61388308 0.6155529  0.63177663
 0.55159372 0.52938396 0.54547459 0.52878529 0.5197283  0.5275107
 0.51898879 0.5180257  0.5364027  0.53715903 0.55478483 0.58557779
 0.62346476 0.56129265 0.52656096 0.55202579 0.54198855 0.5343712
 0.54934293 0.5954169  0.53238034 0.50691229 0.51026917 0.51917326
 0.62094611 0.64906394 0.62152869 0.54363155 0.52037376 0.51068509
 0.50067747 0.50412214 0.53559828 0.53925407 0.50913256 0.50696003
 0.53088748 0.57441139 0.52172327 0.53655612 0.53373152 0.55559504
 0.50579625 0.53110331 0.52765799 0.5172534  0.5154866  0.51251775
 0.49699098 0.53856218 0.51023835 0.51996446 0.49077955 0.49197564
 0.49919111 0.49837965 0.5092048  0.51660526 0.50715369 0.50902337
 0.4935953  0.52161658 0.52301848 0.49319687 0.57461703 0.50328749
 0.47768915 0.48274732 0.47804469 0.49080464 0.50382459 0.54253811
 0.49801934 0.54372233 0.51016372 0.47686288 0.49610454 0.51327324
 0.53493166 0.59648705 0.5490455  0.47566244 0.46309102 0.52936721
 0.49365464 0.47794935 0.50023377 0.49337515 0.48262241 0.53524661
 0.50743371 0.48596987 0.48069239 0.49445131 0.47194862 0.48217145
 0.52860242 0.53074235 0.46255609 0.47313574 0.51876003 0.51431185
 0.47923061 0.47210395 0.48436406 0.46427816 0.48463023 0.46702611
 0.51276469 0.48036221 0.47981474 0.47130904 0.47599146 0.45840859
 0.4510338  0.47254261 0.46869257 0.46024844 0.48895866 0.48785934
 0.49407926 0.54293674 0.56004018 0.47342613 0.45155659 0.46281651
 0.4890855  0.50151557 0.52982742 0.50236863 0.45085064 0.45661122
 0.44547388 0.45379615 0.43932974 0.47606152 0.54233778 0.47581264
 0.4477132  0.46465126 0.45347455 0.45368883 0.44248861 0.47453657
 0.47812057 0.46043608 0.45495123 0.4414174  0.46583295 0.48526445
 0.4419775  0.45488027 0.4459143  0.4524481  0.44486156 0.47826466
 0.47861323 0.51546705 0.45672885 0.44322872 0.43113998 0.4343662
 0.42790526 0.48191303 0.57690066 0.47155848 0.4347209  0.45628551
 0.4335103  0.42451105 0.44466537 0.44903427 0.47555411 0.43247607
 0.43475944 0.42269892 0.43119669 0.4708986  0.44521978 0.41709122
 0.46846548 0.4592599  0.45284042 0.4479498  0.46106172 0.47259879
 0.46979991 0.47256786 0.4260326  0.42480326 0.4230395  0.45099413
 0.45749834 0.45443526 0.43820947 0.43483195 0.42414263 0.43851987
 0.46235317 0.479877   0.44375587 0.43045694 0.45535699 0.46155682
 0.41319555 0.45381695 0.49799564 0.52709866 0.43233979 0.41810262
 0.43535024 0.4392291  0.42192808 0.43039399 0.44696748 0.48453701
 0.4927589  0.47150171 0.42979649 0.41240248 0.43341315 0.44663981
 0.44801068 0.42485234 0.43711239 0.44392055 0.40982413 0.42365575
 0.4220311  0.41283834 0.44264692 0.41889673 0.44012406 0.43833983
 0.43090665 0.43701798 0.46972734 0.4680503  0.44094774 0.41321874
 0.40936947 0.41001865 0.41287965 0.42735723 0.40579513 0.46241465
 0.57789803 0.50662929 0.43468314 0.42263246 0.41907176 0.41934517
 0.41411221 0.40662894 0.42362681 0.43166772 0.44098797 0.42605498
 0.40037665 0.40307796 0.40619564 0.41650069 0.41194332 0.42957413
 0.48799708 0.49495152 0.41440845 0.39312443 0.40853885 0.41528985
 0.43038291 0.40660587 0.4062573  0.3966718  0.42820483 0.43665448
 0.41284546 0.40561399 0.41670421 0.42563716 0.40370482 0.42113706
 0.41235679 0.43590006 0.4387143  0.42598578 0.42386025 0.41376212
 0.39495695 0.39664295 0.40157425 0.46693149 0.57025111 0.49142495
 0.43028685 0.40482885 0.42007133 0.41024712 0.42474571 0.39756742
 0.40088135 0.3979004  0.43288261 0.44791162 0.4904902  0.44087622
 0.43619946 0.40372086 0.40103087 0.39589989 0.40028617 0.39654025
 0.39876065 0.40305868 0.38756385 0.3885029  0.42700219 0.41496688
 0.44114903 0.42804497 0.39253378 0.40138736 0.40706065 0.39874882
 0.40281549 0.40343478 0.45835918 0.43758917 0.4313184  0.41016576
 0.40052274 0.40925613 0.46145663 0.40105435 0.40123406 0.41149536
 0.3949444  0.42550156 0.39336005 0.40677336 0.42408344 0.41857383
 0.39516291 0.38931558 0.3984718  0.39598292 0.38907218 0.38787174
 0.40991288 0.39856485 0.38477054 0.42269078 0.41189662 0.40309149
 0.40796849 0.41103375]