E for  6 selected participants in secure selection:   acc- 38.5900
loss:  [2.34540296 2.34015441 2.30361009 2.29727626 2.29300499 2.28924727
 2.28421354 2.28417969 2.27209282 2.26786113 2.32036543 2.29849505
 2.29323077 2.28905654 2.28221583 2.27888584 2.25037813 2.27894163
 2.31312609 2.26502204 2.24015379 2.21467185 2.20594192 2.77264738
 2.31377006 2.29960775 2.28821206 2.28974748 2.28304005 2.27778316
 2.27019978 2.29373932 2.28157568 2.26123905 2.2491312  2.22716022
 2.4882915  2.33214784 2.30173922 2.29299355 2.28446651 2.27769899
 2.25755692 2.25634003 2.25458241 2.230165   2.2367425  2.28951907
 2.2530005  2.22179246 2.1896534  2.18933988 2.28411603 3.56935501
 2.31049538 2.31009078 2.30880785 2.30760717 2.30715203 2.30706429
 2.30682087 2.30617547 2.30585265 2.30552626 2.30516982 2.30518031
 2.3045876  2.30484009 2.30472755 2.30474186 2.30477715 2.30473113
 2.30471396 2.30472112 2.30473685 2.30464172 2.30481982 2.30519867
 2.30496359 2.30495167 2.30455542 2.30494523 2.30502486 2.30471754
 2.30483532 2.30458522 2.30455899 2.30458999 2.30382729 2.30374765
 2.30393195 2.30334997 2.30305266 2.3028791  2.30345583 2.30377984
 2.30438018 2.30312824 2.30261064 2.30166769 2.3012321  2.30175543
 2.30027199 2.30140901 2.29990029 2.29736376 2.29674697 2.29415655
 2.29376435 2.29701877 2.29127383 2.29079103 2.29714203 2.28761172
 2.29288459 2.27875853 2.27242494 2.26734114 2.29161668 2.30421686
 2.29943061 2.29284239 2.28095317 2.26205087 2.24378681 2.23748946
 2.26083183 2.38882375 2.29974461 2.29338813 2.28780508 2.27871776
 2.26594257 2.27434635 2.26264858 2.25830746 2.25814581 2.24992776
 2.3509233  2.31361651 2.31117725 2.30800629 2.30569935 2.30377531
 2.30175543 2.30144429 2.29968452 2.29779029 2.29647613 2.2957952
 2.29961348 2.29406762 2.29140663 2.28957391 2.28736973 2.29026961
 2.28025627 2.28941989 2.27578592 2.27087712 2.26263809 2.25355387
 2.25065041 2.30292773 2.31699586 2.31004643 2.30742431 2.3051548
 2.302284   2.29939151 2.29360151 2.28908825 2.28384495 2.27239275
 2.25980806 2.24779677 2.22732759 2.21549201 2.19739246 2.17878485
 2.17505622 2.16920519 2.15475082 2.15252686 2.13290787 2.13196754
 2.13437462 2.37705469 2.32190466 2.31098056 2.30445051 2.29962564
 2.29314208 2.28433108 2.27537107 2.26730776 2.25813055 2.24750876
 2.22931027 2.21681428 2.19194889 2.16393018 2.16495967 2.17136145
 2.13895798 2.09731388 2.14491868 2.13676643 2.12815309 2.09142804
 2.09430432 2.09733343 2.11643624 2.1046741  2.12743139 2.07325578
 2.16171288 2.27986884 2.24916792 2.21444869 2.1888237  2.16440773
 2.14996099 2.12809777 2.11145711 2.0965991  2.09303975 2.19678926
 2.16080546 2.10055661 2.07672787 2.09601116 2.12552547 2.06292272
 2.0596056  2.08541417 2.03911304 2.02650261 2.01959658 2.07916927
 2.238204   2.14372063 2.05340075 2.02804708 2.00728917 2.10079193
 2.21876121 2.12069225 2.03568268 1.99778843 2.02859616 2.23929548
 2.13181591 2.06658006 2.04341936 2.03006434 2.00475216 1.99120545
 1.98290038 2.02048135 2.07688379 1.9991045  1.9809562  1.97359455
 2.18538857 2.29539299 2.17675996 2.11801767 2.08404565 2.06546211
 2.03503799 2.03543472 1.99815679 1.9742105  1.97324514 1.99634945
 2.19080305 2.3070395  2.18063235 2.12266183 2.06894374 2.09054327
 1.9760623  1.96393228 1.94827425 1.93656743 1.97773159 2.06171036
 1.98954999 1.94383502 1.92260587 1.90018106 1.91836607 1.98159087
 2.40379453 2.09373593 2.02577806 1.96189415 1.92511618 1.93892694
 2.05699015 2.16002274 2.04955459 1.97603512 1.97541213 1.91395211
 1.9737488  2.06672812 1.94255042 1.91880393 1.92346096 1.95441973
 1.90807128 1.87398767 2.02432752 1.99993968 2.02125096 1.99826229
 1.8965342  1.90880883 1.8662734  1.91584277 1.86381054 2.04353571
 2.0988481  1.98816872 2.13639188 2.06919217 2.018821   1.93677068
 1.94440532 1.89601636 1.87315786 1.86161637 1.86126935 2.05729508
 2.50655389 2.2976954  2.18443203 2.10447741 2.06052279 2.02596593
 1.99451995 1.98298049 1.94977832 1.92940688 1.88238597 1.90346193
 1.87953222 2.10474896 1.93423009 1.92812896 1.88034594 1.90470016
 1.88160348 1.98966312 1.8658973  1.97570717 1.86835992 1.85521913
 1.8063668  2.00896215 2.23419523 2.02163482 1.94873166 1.88949311
 1.85818088 1.88703358 1.97596931 2.00154042 1.87823296 1.85644567
 1.80955768 1.80808306 1.88044024 1.86391544 1.91575491 1.86395621
 1.87173522 1.82309175 1.79792166 1.78186607 1.85605025 1.9116596
 1.83916056 1.99204767 2.27131724 2.11296535 1.9239285  1.87015581
 1.82478809 1.81394458 1.81922269 1.88333082 1.95025003 2.04329634
 1.86527622 1.80559707 1.77237642 1.86239302 1.85850024 1.77745318
 1.76839924 1.8162961  1.88041639 2.0303309  1.8321799  1.79577947
 1.85480917 2.03871608 2.21355844 1.9487406  1.85090017 1.78787172
 1.773476   1.76308715 1.84268045 1.86690021 1.77051997 1.7309984
 1.72230744 1.75093627 1.79027033 1.80048227 2.22125244 2.21990323
 1.96667886 1.87935388 1.79461586 1.75789976 1.74740255 1.80974448
 1.86509025 1.80726099 1.74832833 1.78030097 1.80654705 1.76363862
 1.78242791 1.74991465 1.78959358 1.91883671 1.84899557 1.89967072
 1.8903271  1.75964022 1.71381998 1.7395314  1.93173182 1.76411331
 1.71006596 1.78160679 1.97913396 1.91922033 1.78882658 1.73278785
 1.73267341 1.77212143 1.72571135 1.83776736 2.06078291 1.88199008
 1.7709955  1.73257267 1.67584801 1.6730485  1.68787241 1.8504895
 2.07158971 1.91426444 1.73811424 1.69255877 1.70385218 1.74093962
 1.72775817 1.72421348 1.67385137 1.67613912 1.69548786 1.81716037
 1.80578268 1.81988227 1.71752477 1.68666053 1.71080017 1.75380552
 1.87360609 1.86767387 2.011163   1.89970875 1.77496016 1.70198476
 1.6874367  1.74424744 1.75617421 1.81316209 1.69486797 1.72436309
 1.68100762 1.70844591]
E for  8 selected participants in secure selection:   acc- 40.1400
loss:  [2.37352371 2.29627252 2.29329348 2.29324579 2.2869947  2.28901291
 2.27438617 2.26305723 2.251688   2.27807903 2.27997303 2.29491782
 2.26084757 2.23086715 2.20757723 2.20584345 2.3441689  2.22394753
 2.24253249 2.3050518  2.25016737 2.25263309 2.29935288 2.28225183
 2.27417731 2.2528882  2.22397065 2.1887753  2.32521629 2.23593664
 2.28298163 2.18406749 2.16808176 2.42023826 2.29160929 2.24856091
 2.16963172 2.18199754 2.26179266 2.19892001 2.48878837 2.28348231
 2.27142859 2.26319599 2.30358124 2.26534224 2.29053736 2.30805874
 2.28931046 2.27830839 2.26197505 2.24842024 2.27298522 2.4725008
 2.30293417 2.29099035 2.27900052 2.26812696 2.25857329 2.24115491
 2.22174978 2.22600913 2.24295402 2.28399348 2.25391555 2.21201277
 2.17888331 2.17703533 2.40407467 2.21981716 2.17740321 2.13926673
 2.12606478 2.18436408 2.2985363  2.25391006 2.2240212  2.17992043
 2.15462184 2.15429044 2.1609714  2.13230562 2.06072021 2.13254738
 2.10630107 2.02406335 1.9813242  2.07135773 4.3098197  2.3093555
 2.29893255 2.28023601 2.23875666 2.1946876  2.17138171 2.21828032
 2.3003552  2.29017258 2.26738882 2.23312449 2.18825746 2.14390683
 2.12700009 2.11361909 2.10680199 2.11876941 2.18868446 2.10421252
 2.07245803 2.0694685  2.05947757 2.08721018 2.04213095 2.06116652
 2.10674858 2.18468547 2.10306001 2.12182426 2.23247099 2.31428409
 2.28385782 2.25241208 2.20976901 2.15740848 2.097646   2.05787754
 2.04852057 2.17332745 2.33901954 2.27136564 2.21973586 2.16819978
 2.12606955 2.09262586 2.12959385 2.04409528 2.0045135  2.04363537
 2.19316983 2.11018085 2.06876445 2.10334134 1.99917912 2.0141046
 2.14850831 2.05865908 2.01304483 2.04844165 2.02746463 2.18478799
 2.06615949 2.03683901 2.08587217 2.01507235 1.99165523 1.99025178
 2.057585   2.01070547 2.13241339 1.98418784 1.95442617 2.04721785
 1.94573045 2.02332997 1.98190296 1.99008226 2.01689696 2.13405538
 1.98379886 1.92391956 2.0854702  2.20285654 2.05348587 1.98945785
 1.94687307 1.92456818 1.95774448 2.14683986 2.30846405 2.24138951
 2.193712   2.14497566 2.17803574 2.46273947 2.31652451 2.25868011
 2.2132082  2.17763901 2.1321106  2.08361721 2.03635669 2.03654718
 2.1115613  2.01919317 2.01986504 2.00298786 1.92855549 1.94262731
 2.31315184 2.16410542 2.04363251 1.97716486 1.91437483 1.94291055
 2.09320474 2.0542748  2.0246911  2.06965828 1.98083615 1.92439473
 1.90998399 2.02303648 2.23954129 2.13213539 2.06666994 2.01897669
 1.98070002 1.98543906 2.04177785 1.97177482 1.95373631 1.94382262
 2.05868196 2.06258845 1.95421839 1.88507867 1.85066974 1.89434195
 2.14893961 2.03830504 1.96576715 1.99710894 2.10283446 1.97689235
 1.8919096  1.86987436 1.89426875 2.03528619 1.86232483 1.85134804
 1.90655077 1.93669224 1.90177011 1.87868011 1.9113518  1.87296331
 1.99738061 2.2701211  2.12333083 2.02838683 1.99622464 1.99020016
 2.00464368 1.98855102 1.90317154 1.88397515 1.86559629 1.87874937
 1.94734645 2.09393644 2.09491968 2.02728963 1.95715392 1.84056449
 1.84749508 2.02722549 1.91683686 1.91648006 1.8577646  1.8166492
 1.7977308  1.77495289 1.79554331 1.78667593 1.94771838 2.08328557
 2.04950118 1.93326461 1.87551987 1.84142613 1.82252872 1.81945372
 1.93258941 1.83325315 1.83071733 1.75311959 1.73958147 1.7583642
 1.88673949 1.9074769  1.9974277  2.05141234 2.13253236 2.04175258
 1.89498103 1.83153927 1.79121113 1.75604653 1.7355721  1.7231065
 1.75481331 1.75165117 1.79505777 1.9439652  2.08123136 1.91219902
 1.81498671 1.78228557 1.78519905 1.79544806 1.809901   1.86464179
 1.75130916 1.77094531 1.78309417 1.77554488 1.7787447  2.02745914
 2.26419759 1.92732477 1.86523616 1.83751643 1.82435298 1.8457967
 1.80524862 1.84540367 1.71688735 1.71585429 1.74267769 1.82809961
 1.78440118 1.7714541  1.69481444 1.7134521  1.91172051 1.88771129
 1.90817595 1.81875217 1.73249531 1.70243204 1.67238748 1.64853668
 1.64988458 1.75396073 1.90999103 1.96521604 2.20881248 1.94524765
 1.88011158 1.79496253 1.79747713 1.73941362 1.74841583 1.739326
 1.82867384 1.71608794 1.72138846 1.77846539 1.70664692 1.67524087
 1.74154341 1.92135274 2.1273725  1.99114847 1.88308454 1.81251752
 1.78108537 1.77526236 1.82012153 1.68212676 1.66848862 1.70374274
 1.98092282 2.03267217 1.89790297 1.87201977 1.84115291 1.94703412
 2.02033329 2.11616731 1.97222435 1.89285278 1.80485332 1.7938633
 1.78611636 1.824808   1.73174238 1.76126111 1.7206738  1.73193121
 1.76605332 1.86080039 1.71532774 1.65798247 1.634956   1.64006722
 1.65483224 1.67186797 1.88072574 1.94086528 1.95893395 1.99926353
 1.73763239 1.71660542 1.68141949 1.6616832  1.67850709 1.72287285
 1.82634413 1.65329063 1.62548542 1.73218882 1.78816342 1.88519275
 1.89588201 1.70382535 1.64045298 1.61144364 1.59801352 1.61090291
 1.73045492 1.67029178 1.70283806 1.92080939 1.77931738 1.66807652
 1.62100971 1.59264433 1.58946621 1.56316817 1.64066684 1.82276642
 1.89709663 1.66302288 1.61253667 1.61347473 1.70335937 1.75735843
 1.65660405 1.60485184 1.59022772 1.56113482 1.5364455  1.5886631
 1.66973984 1.77460372 1.75919414 1.69633806 1.60000503 1.5704006
 1.60097837 1.71083355 1.85526586 1.73183298 1.67737162 1.57141972
 1.56628621 1.72717309 1.6151886  1.58505499 1.55420971 1.58631146
 1.8446492  1.7764262  1.69607401 1.76984179 1.62586558 1.59944928
 1.61342347 1.65109062 1.53831995 1.65838671 2.05440497 2.11149383
 1.81477857 1.64220142 1.60880101 1.57404816 1.56139338 1.5729804
 1.5950706  1.60107768 1.57870758 1.63827968 1.7822963  1.71445918
 1.586972   1.58917296 1.52437317 1.56947839 1.57445347 1.53079295
 1.50337076 1.49059451 1.54413533 1.68207753 1.83145416 1.77220082
 1.68419087 1.6550318 ]


E for  6 selected participants in secure selection:   acc- 34.0200
loss:  [2.30938053 2.30038667 2.29043794 2.28734994 2.28115439 2.27554464
 2.27481532 2.31422281 2.29230952 2.285954   2.28065825 2.26866102
 2.32130575 2.29720664 2.28296041 2.27413177 2.276443   2.27101636
 2.27332616 2.24653363 2.21063876 2.20798993 2.49789596 2.28060174
 2.2903583  2.26187158 2.26952004 2.29877806 2.29289603 2.28524542
 2.27241898 2.25640392 2.26300478 2.22526455 2.23197031 2.23395133
 2.35760307 2.30116367 2.29491472 2.28276396 2.26589775 2.25762057
 2.24481416 2.2711091  2.27697945 2.21558118 2.21845675 2.23400068
 2.18656182 2.22831845 2.39799905 2.30839443 2.30372453 2.29978013
 2.29379201 2.28848958 2.28651571 2.27077103 2.26039624 2.25156856
 2.24794483 2.34376621 2.28151989 2.25766659 2.24309778 2.22059917
 2.2538445  2.28559566 2.2809813  2.25926113 2.24083686 2.21305323
 2.20131922 2.19841456 2.16878462 2.17337823 2.22680521 2.24249339
 2.19776607 2.18231201 2.13776588 2.16644239 2.11341262 2.08275509
 2.12597203 2.17094445 2.12051439 2.13465452 2.10302401 2.17590022
 2.06283879 2.40146613 2.90209126 2.51231503 2.30403209 2.28621769
 2.2733531  2.25226235 2.22538495 2.19028926 2.23997903 2.20750594
 2.19805503 2.16704822 2.16584468 2.17113614 2.13155532 2.12875223
 2.15078068 2.12330651 2.12265754 2.12816119 2.10635304 2.06656456
 2.08576775 2.56843925 2.32046628 2.29662085 2.28149271 2.26815724
 2.25157166 2.24789071 2.21854067 2.20528722 2.18620849 2.17913175
 2.14487648 2.12918758 2.11965251 2.13350558 2.10961318 2.14440441
 2.09657478 2.0891273  2.10013294 2.19363761 2.10309052 2.09469771
 2.06985164 2.09838152 2.16525912 2.1057508  2.09086633 2.08622718
 2.16858387 2.06315207 2.07658386 2.09539914 2.14170933 2.07724071
 2.04204011 2.05192852 2.08598542 2.04002666 2.04649019 2.1246438
 2.37073445 2.13880444 2.10498476 2.0941186  2.08370447 2.06706285
 2.04589677 2.04978013 2.12551928 2.10057759 2.10330987 2.0392487
 2.05265355 2.00740743 2.00993133 2.07537675 2.21914172 2.10486126
 2.12858891 2.06024075 2.03141308 2.03536534 1.99958944 2.01422644
 2.00683212 2.14136672 2.03939748 2.05082273 2.00209713 1.98421919
 1.97017896 2.00738335 2.06485772 2.22109151 2.07460523 2.03064632
 1.99690235 1.97153902 1.95650041 1.98428166 2.39212394 2.43755674
 2.25695658 2.20482159 2.13126016 2.07489038 2.06268525 2.11935115
 2.18688321 2.14565969 2.09466815 2.06183386 2.04659057 2.01810908
 2.01173925 2.02274489 1.99847186 1.97351205 2.08546591 2.22825265
 2.05284429 2.03514409 2.00555873 2.02647448 2.02612567 1.98423827
 2.00356436 2.0000689  2.01119089 1.98584163 2.00799274 1.96172094
 2.00679445 2.02590394 2.1781528  2.11874914 2.03262925 1.9701699
 1.93804526 1.92954373 1.97175705 2.01735067 2.36614537 2.12521291
 2.02580762 1.99878633 1.97742009 1.97251713 1.942518   1.94310701
 2.11178207 2.00455642 1.93183911 1.92379808 1.95873415 1.93785918
 2.07675576 1.98411989 1.91938674 1.96175802 2.02772164 1.95368242
 1.89806461 1.88526285 1.8899256  1.89640117 2.03438282 1.99813199
 1.97556734 1.94433725 2.03883696 2.0178318  1.95497561 1.92676294
 1.95243502 1.91593671 1.94668221 1.89950275 1.92626488 1.88216114
 1.89354682 1.91298735 1.95720899 1.9938668  1.95137441 1.92913616
 1.91871059 1.87727749 1.9541924  2.2822473  2.29112077 2.10993505
 1.99458826 1.94507539 1.93787622 1.90234435 1.90171635 1.90014315
 1.89663732 1.89691186 1.99820781 1.9617672  2.0250361  1.9283129
 1.93870902 1.96725976 1.89593518 1.86766386 1.85693014 2.04427147
 2.30299711 2.10569501 1.99641776 1.95311737 1.91796052 1.90723765
 1.87649977 1.844998   1.82754862 1.8557601  1.96853042 1.8848629
 1.86494613 1.84275627 1.85072184 1.94135392 2.23530507 2.06276512
 1.92512012 1.8758285  1.87507045 1.8698051  1.80460179 1.86000001
 1.8794018  1.98264897 1.89837325 1.8028053  1.80011034 1.87555897
 1.85971212 1.83585393 1.7981416  1.80961704 1.85320425 1.83736444
 1.92460132 1.91493785 1.79520369 1.75910139 1.71932817 1.86980879
 2.18065238 1.95595956 1.88797283 1.8540467  1.82578826 1.79807734
 1.79990375 1.8655144  1.80077446 1.89499068 1.87192166 1.92655039
 1.84067011 1.81521916 1.78960741 1.81131136 1.90764356 1.91287053
 1.91330373 1.92367816 1.90124846 1.76791406 1.75537574 1.83759141
 1.79716313 1.84841561 1.81382525 1.76179278 1.72492659 1.77546465
 1.75463045 1.72953379 2.05684948 2.5612824  2.19212008 2.09480524
 1.99606109 1.93656421 1.92872036 2.00428748 1.85896838 1.85700023
 1.79851949 1.77774906 1.77601933 1.82666171 1.76606166 1.72064221
 1.71119273 1.70704448 1.74478161 2.0031147  2.44581461 2.03279543
 1.90316308 1.84738147 1.80316186 1.80436587 1.80878901 1.72813511
 1.77190101 1.77612603 1.86230075 1.77423239 1.7298975  1.82210863
 1.71544623 1.69415426 1.76159143 1.9523406  1.89381838 1.93757308
 1.89223731 1.7659533  1.72080898 1.69957423 1.71627653 1.67229474
 1.70094156 1.77661932 1.92787135 1.91004884 2.08162069 2.06777763
 1.87631643 1.7959851  1.74665058 1.71791327 1.76313853 1.78689468
 1.75833654 1.8906219  2.13747001 1.96418178 1.91248202 1.83005154
 1.85213161 1.80775583 1.76345897 1.77311325 1.75589454 1.85106635
 1.88684821 1.76032817 1.74527502 1.6917994  1.72023046 1.76182699
 1.75243902 1.84626973 2.10864758 1.97137368 1.79042852 1.72450781
 1.71023941 1.70731521 1.76609802 1.71594298 1.66768765 1.71632445
 1.67845356 1.66064632 1.71654534 1.86372817 1.72023749 1.79074001
 1.93394101 1.84921253 1.73904574 1.64576292 1.63893163 1.62735772
 1.64693773 1.75705683 1.63499522 1.61628461 1.62684095 1.74132204
 1.81019652 1.8509481  1.8852365  1.73577738 1.68125844 1.70626879
 1.76349223 1.84387755 2.04820704 1.75928009 1.6747967  1.68934
 1.75824666 1.96864963]
