E for  6 selected participants in secure selection:   acc- 83.0100
loss:  [2.24399042 2.17231631 2.06640387 2.06457782 2.85127354 2.31038356
 2.29085016 2.28600526 2.26961756 2.2456634  2.22991681 2.17911005
 2.07208014 2.21616387 2.24901462 2.18292379 2.19183588 2.19002986
 2.24606323 2.0790813  1.8954519  1.8857305  1.72446442 1.78379977
 1.61579168 1.32355368 1.81843984 1.73375642 1.50830686 1.29642522
 1.08928609 1.50799012 1.58674788 1.27209604 1.17702365 0.93031472
 0.98584765 1.41033185 1.56803584 1.48894143 1.30908918 1.03062832
 0.97964102 0.87121153 0.83969396 0.91156751 1.00722241 0.87116027
 0.79709059 0.84560412 0.84162879 0.77522129 0.92282432 0.85590231
 0.71595645 0.70511931 0.80350995 0.94173938 0.75775421 0.69151366
 0.7080189  0.69961953 0.71888793 0.77410984 0.93049651 0.74321198
 0.66540188 0.68767351 0.66472924 0.71791738 0.70234561 0.70121014
 0.69028378 0.67295814 0.91977042 0.7972616  0.65644741 0.63234162
 0.62827659 0.65833825 0.70034146 0.66009456 0.72134286 0.63139606
 0.61603481 0.67617714 0.65533829 0.60790414 0.62993884 0.60657948
 0.59848535 0.61644369 0.67038542 0.60479933 0.62275904 0.70605338
 0.73338318 0.6283536  0.58395499 0.58820158 0.5875904  0.69789094
 0.83524913 0.62907463 0.59201205 0.58474422 0.63368756 0.63685638
 0.56779295 0.58417416 0.62526751 0.62618953 0.59490097 0.60465515
 0.58428913 0.54777372 0.56766862 0.66578811 0.63376606 0.5851323
 0.70782405 0.7328558  0.6214487  0.60627449 0.74741989 0.79821229
 0.62625313 0.55603486 0.55592793 0.55860901 0.57440382 0.56430686
 0.62684393 0.61202258 0.57995629 0.57086819 0.54455405 0.54382229
 0.52594823 0.53833967 0.68538958 0.66869581 0.57773703 0.56471956
 0.53875864 0.53725189 0.56034142 0.58627927 0.58722889 0.62523466
 0.59249169 0.53309262 0.55614167 0.53303546 0.61363804 0.53069645
 0.5213387  0.52572674 0.5658564  0.68241316 0.6746757  0.56867415
 0.54557699 0.51115251 0.53321987 0.54684442 0.55754048 0.52793759
 0.57023633 0.50315708 0.68072867 0.5759483  0.51746374 0.54835266
 0.53906626 0.50959516 0.49340776 0.52977389 0.51383471 0.52545667
 0.59414977 0.53836358 0.4883706  0.50143993 0.67770803 0.70511538
 0.57704294 0.56329483 0.50736099 0.52653712 0.56635469 0.50102848
 0.5074181  0.51770872 0.53023696 0.53967023 0.49409679 0.53984827
 0.55575478 0.49747413 0.5159117  0.51116186 0.54061633 0.51136076
 0.54257882 0.57231128 0.53945857 0.49658281 0.60063982 0.61916393
 0.52457857 0.47787851 0.47384638 0.49421346 0.52500212 0.51938176
 0.52075183 0.49672437 0.48370087 0.4723711  0.4872649  0.51472151
 0.50838262 0.48862645 0.49699476 0.50245529 0.50458539 0.5444361
 0.50731492 0.48371127 0.46169254 0.46702221 0.61346173 0.59256452
 0.51937151 0.54358709 0.46188599 0.47171661 0.53861851 0.48814824
 0.54508591 0.48748803 0.46267363 0.47784698 0.45788017 0.48930797
 0.56914139 0.56854534 0.48625717 0.47395992 0.52298719 0.64649594
 0.55690771 0.48007524 0.47253194 0.48684165 0.5049032  0.46449757
 0.49086058 0.49629271 0.53946632 0.51355946 0.46996754 0.48825875
 0.47222435 0.47668725 0.50926763 0.4703936  0.54720801 0.5064823
 0.470615   0.44743705 0.47730356 0.51989108 0.4749473  0.45487964
 0.58995873 0.49895215 0.46060795 0.4950878  0.50970697 0.45448759
 0.46426263 0.48240343 0.44207311 0.46713686 0.46465299 0.51645917
 0.52978915 0.54488713 0.48207355 0.45833439 0.46924388 0.46583393
 0.47196993 0.4535     0.43937421 0.44405425 0.44650966 0.44961143
 0.47070551 0.49179405 0.4636986  0.48115176 0.45140162 0.50671518
 0.45599034 0.42792964 0.45337749 0.51256216 0.51954508 0.50325441
 0.44297066 0.44778886 0.46287349 0.45557061 0.43856987 0.4746269
 0.44386151 0.48866069 0.50970012 0.47193754 0.43192708 0.48148102
 0.48627412 0.44609469 0.4613167  0.42145342 0.52957606 0.51345944
 0.46277377 0.452721   0.46086988 0.44967842 0.43694508 0.46287978
 0.46884882 0.51714265 0.44917777 0.47892821 0.46306178 0.45194483
 0.48574892 0.45236006 0.44265026 0.44984591 0.44934303 0.4919146
 0.41649777 0.41910112 0.49471107 0.45606408 0.44291547 0.43959728
 0.46174443 0.4422518  0.43720782 0.41414326 0.51129496 0.46242827
 0.4379577  0.43302807 0.47200328 0.48237178 0.43562189 0.49822989
 0.46870694 0.46102774 0.44893178 0.44410113 0.42433652 0.42939508
 0.45040894 0.59038132 0.55269158 0.48048082 0.46323052 0.43158472
 0.47230184 0.48302588 0.46621498 0.47919595 0.41326222 0.4344838
 0.43304664 0.441329   0.43040001 0.44748405 0.41255599 0.4471918
 0.46039712 0.42924994 0.44180751 0.43020639 0.43725225 0.41836554
 0.44393721 0.4219892  0.43976349 0.43731377 0.42724112 0.42294884
 0.47330937 0.42485166 0.43555039 0.40679911 0.43490288 0.43381172
 0.44439057 0.43460312 0.4365474  0.42661777 0.44552007 0.42261806
 0.41495606 0.46958432 0.43855289 0.41921559 0.42060274 0.42250526
 0.41285753 0.41695893 0.42172706 0.46193817 0.40183997 0.44150698
 0.45046669 0.44610858 0.4829849  0.47206157 0.42866045 0.39624107
 0.41794726 0.42936054 0.46291363 0.4124392  0.41305387 0.45747086
 0.43487382 0.41035527 0.41276598 0.40090725 0.41867021 0.40681559
 0.40479335 0.43049023 0.40840912 0.41942662 0.49248824 0.48274794
 0.44407392 0.43134493 0.39743325 0.41877964 0.40390253 0.43101832
 0.40032262 0.4078351  0.40163013 0.39270493 0.41871729 0.43063715
 0.44655326 0.41713056 0.41315407 0.39974409 0.39825767 0.40744579
 0.4306187  0.40059525 0.43127823 0.41869935 0.49835697 0.43115646
 0.48892611 0.42345956 0.4203918  0.41466695 0.41423759 0.40128154
 0.4227652  0.40074709 0.42304239 0.42258424 0.43407783 0.41711864
 0.41734058 0.40779543 0.40108791 0.42048916 0.43933082 0.42223087
 0.40710744 0.39853209 0.39381778 0.39993861 0.44088346 0.45103994
 0.46228868 0.46950078]
E for  8 selected participants in secure selection:   acc- 84.8400
loss:  [2.25295281 2.19077992 2.08646154 2.0200789  2.46089053 2.29829144
 2.24913883 2.2028079  2.12497115 1.99528432 1.76288712 2.45720482
 2.24356556 2.0784843  1.84715784 1.6737982  2.31883049 2.11612177
 1.96450508 1.57468998 1.63122511 2.18106413 1.97213089 1.57225704
 1.22163141 1.82710683 2.04471064 2.0952971  1.79864359 1.51723039
 1.46979916 1.49655795 1.22851551 1.17990458 1.23706138 1.62787163
 1.61439288 1.0593152  1.06287348 0.92990881 0.94733965 1.09718645
 1.06381214 0.9697963  0.79433089 0.82026893 0.97045642 1.24477172
 1.10988915 0.95809746 0.83338779 0.86268938 0.90277791 0.78512567
 0.72707629 0.70779884 0.68619031 0.6921761  0.71934199 0.65763199
 0.81824172 0.861049   0.79019344 0.68242997 0.67472368 0.66875523
 0.65707827 0.70394176 0.66528869 0.83462608 0.83659297 0.77882403
 0.66594225 0.69354099 0.65897024 0.65935498 0.67915976 0.72960657
 0.84595293 0.6674425  0.65808684 0.65188158 0.69990581 0.75125927
 0.68224746 0.66041845 0.61168951 0.6189698  0.68527383 0.66662258
 0.79393208 0.66943991 0.66582716 0.6106416  0.59977269 0.60853982
 0.64709187 0.65224558 0.61165035 0.62534058 0.58208764 0.589068
 0.58834922 0.62476808 0.62044269 0.58111399 0.56898153 0.69150215
 0.6152826  0.58619422 0.60296834 0.5734095  0.59602576 0.58775043
 0.62303019 0.66222161 0.65922058 0.64281422 0.57785201 0.57067358
 0.57036394 0.55868381 0.56172085 0.68318552 0.74525887 0.67419589
 0.61375457 0.55907196 0.60407221 0.56672955 0.580428   0.6471619
 0.60802186 0.79268104 0.59305501 0.60614145 0.54226363 0.54135847
 0.55539489 0.57759947 0.56306303 0.56652081 0.53893262 0.62198633
 0.65902871 0.53453845 0.5241316  0.58887148 0.61626226 0.52100408
 0.52430069 0.52106237 0.55088258 0.6425851  0.62261063 0.56324947
 0.59250152 0.60611129 0.56126708 0.57218742 0.57881862 0.5508343
 0.64700747 0.55799896 0.5314436  0.51687175 0.52391016 0.51815408
 0.55025983 0.52864045 0.60833484 0.75075477 0.59611458 0.52355456
 0.49815425 0.51810539 0.5871985  0.56621337 0.52321941 0.52755433
 0.5024094  0.52298564 0.50033772 0.51135808 0.53745788 0.50845367
 0.49606705 0.55885994 0.54452759 0.50116175 0.51904529 0.61100399
 0.51467013 0.50004441 0.51503587 0.58765268 0.55427444 0.50101441
 0.49312535 0.50540721 0.48878956 0.49046183 0.53113151 0.6060425
 0.52349561 0.49822813 0.56353486 0.65146619 0.55187911 0.53886247
 0.5104478  0.53333479 0.59044391 0.53270876 0.49962124 0.49616635
 0.51332152 0.50647962 0.50022805 0.54094428 0.51344436 0.49852675
 0.58303922 0.48150942 0.49947998 0.51354462 0.49650243 0.50059718
 0.49496168 0.50808191 0.50176173 0.48021939 0.50109661 0.495148
 0.53455085 0.5378471  0.59912431 0.49643159 0.51371104 0.48304546
 0.49096313 0.48949379 0.49835494 0.48481816 0.46408769 0.48384809
 0.46688491 0.4748562  0.48800635 0.5095489  0.56785589 0.52818751
 0.5507552  0.59499729 0.512371   0.54047471 0.50571042 0.47117704
 0.45696935 0.4766376  0.4620347  0.45663956 0.44600737 0.47164688
 0.49496856 0.5732345  0.52806515 0.46532899 0.45729789 0.46267265
 0.48817363 0.46897396 0.4591645  0.44702441 0.48898184 0.48454785
 0.50429147 0.52250993 0.51246256 0.45974395 0.44948813 0.4998225
 0.51799017 0.44576859 0.46403661 0.47706518 0.51720107 0.50120616
 0.45483354 0.45642105 0.44816363 0.4977192  0.54814917 0.59639859
 0.49935499 0.47268608 0.50619036 0.57359022 0.45807514 0.43836817
 0.46631095 0.48695761 0.51591039 0.44369882 0.47855553 0.43995282
 0.45104161 0.4594442  0.45810241 0.49412218 0.46241528 0.44199884
 0.4565818  0.49448556 0.48961025 0.55781937 0.52048647 0.44503671
 0.43903986 0.44706953 0.44992897 0.44690371 0.44410977 0.4501099
 0.44028261 0.46546113 0.47970751 0.45795649 0.46676117 0.44570878
 0.46191144 0.43237337 0.42563593 0.44366083 0.48737374 0.47996533
 0.43548647 0.45950893 0.53410387 0.4675     0.43300074 0.42168224
 0.44619435 0.43286791 0.44928253 0.45473355 0.4429228  0.42702389
 0.43372858 0.43222359 0.4655256  0.44924179 0.45196787 0.44798887
 0.442938   0.43429688 0.45216358 0.461961   0.4803665  0.56296247
 0.48455191 0.44596568 0.43810609 0.44795436 0.43135801 0.44070643
 0.42183554 0.44347271 0.43775395 0.45559746 0.43855464 0.44508219
 0.44786701 0.42819694 0.45293778 0.50077826 0.46871299 0.44574594
 0.44143388 0.45545873 0.46173164 0.44893292 0.42352226 0.40987924
 0.50773239 0.44747499 0.41981792 0.47261465 0.45061171 0.42551875
 0.61985534 0.54811645 0.44968262 0.42290771 0.4247461  0.42587432
 0.44682783 0.41524601 0.42862403 0.44361171 0.43883014 0.41644225
 0.43397853 0.41086763 0.46650121 0.48574835 0.44003397 0.42055836
 0.4162308  0.41443536 0.41125429 0.41982228 0.41434342 0.43990737
 0.42135254 0.42549449 0.42326051 0.41312099 0.44070494 0.4107419
 0.39829707 0.41076431 0.41588458 0.42931756 0.44210947 0.40860325
 0.40924492 0.42779103 0.4163731  0.50162715 0.43930474 0.41080663
 0.40401822 0.40010455 0.41325971 0.45953622 0.43846363 0.41400248
 0.42426056 0.42285013 0.57782286 0.45867223 0.41261417 0.40609264
 0.41124922 0.43176883 0.41491112 0.40077126 0.40817967 0.40244314
 0.39941743 0.41205248 0.41119322 0.43890119 0.42079541 0.43542242
 0.48636612 0.45467779 0.39548913 0.42074472 0.39803058 0.40046099
 0.40423617 0.3870053  0.39926261 0.40151441 0.40915039 0.39004883
 0.42949215 0.44783604 0.4165273  0.43206412 0.42271119 0.39356935
 0.43281475 0.42304069 0.39751124 0.39079976 0.51523769 0.47906616
 0.41314974 0.40210819 0.39312518 0.40384132 0.40222776 0.41200146
 0.4518871  0.39995283 0.41349286 0.42135721 0.40236196 0.40037718
 0.39770055 0.41041139 0.42424858 0.39488012 0.40187183 0.39386317
 0.40076858 0.40199485]
E for  10 selected participants in secure selection:   acc- 84.8800
loss:  [2.24118662 2.16406178 2.04013252 1.87621343 3.63606787 2.31620908
 2.28437996 2.26690102 2.24257302 2.2135849  2.21545672 2.12163639
 1.99460566 1.89754653 2.08474684 2.15535069 1.90863574 1.61594248
 2.32307696 2.08590031 1.71090508 1.41601658 1.35392213 1.35317659
 2.59805751 2.1005187  1.89735103 1.64206541 1.97387946 1.69425511
 1.33823311 1.29505908 1.65182948 1.96010506 1.74259508 1.75951695
 1.29480112 1.03120172 0.93863213 0.94768918 1.30352139 1.33553326
 1.06744909 0.94726849 0.88769656 0.92258173 0.92624265 0.86759228
 0.8229661  0.80234432 0.90848458 0.88882208 0.83837736 0.76600647
 0.77774948 0.85062635 0.84491867 0.7904166  0.78792006 0.80585647
 0.7617808  0.71519369 0.69478244 0.6972301  0.73631197 0.74495637
 0.71784651 0.70876235 0.70720011 0.7162624  0.74011791 0.80582219
 0.74626678 0.83802128 0.80215204 0.69780827 0.6578244  0.64854652
 0.64204085 0.64004016 0.68703693 0.67300755 0.66503644 0.68899888
 0.70915639 0.68465149 0.6561293  0.64661103 0.63385618 0.61867976
 0.64413899 0.68859857 0.68054318 0.62748462 0.65902096 0.62671345
 0.71118104 0.66716492 0.63866824 0.64945823 0.62069178 0.62665272
 0.63071865 0.5893954  0.6213395  0.66019797 0.64970118 0.59856135
 0.62665874 0.67699879 0.69483179 0.69504505 0.60385388 0.59088445
 0.62712979 0.59530866 0.62564117 0.67552865 0.62375522 0.71185219
 0.70069641 0.66822535 0.65259534 0.60948628 0.61165917 0.58993524
 0.57934946 0.61038655 0.6498915  0.57447034 0.61235172 0.68415916
 0.65575355 0.57749873 0.54832041 0.56840992 0.59569049 0.5705803
 0.55776775 0.60945672 0.56965154 0.5542627  0.57885641 0.57614189
 0.55777735 0.56905681 0.5587734  0.54788762 0.68259317 0.84417325
 0.64759582 0.55655044 0.60205251 0.6146946  0.58032632 0.57835323
 0.54009211 0.57968199 0.56292593 0.60372752 0.55482996 0.54532331
 0.54410452 0.55707824 0.70234567 0.72501075 0.63493395 0.59552073
 0.54407221 0.56264257 0.59499723 0.55281883 0.54487365 0.54970634
 0.57915086 0.55230492 0.54718637 0.53003752 0.54416931 0.56792659
 0.61299652 0.52315062 0.52473503 0.51945609 0.58107561 0.58088708
 0.5358423  0.53627485 0.5241279  0.55376726 0.55405289 0.53546321
 0.52321213 0.54311675 0.56160331 0.57138187 0.51245219 0.55901635
 0.55967939 0.50639427 0.50847697 0.49318609 0.51280367 0.53319687
 0.54783612 0.52154529 0.52158171 0.50681669 0.55335593 0.56471235
 0.61998218 0.55230522 0.53247517 0.52985919 0.54123253 0.50194854
 0.51219463 0.50057185 0.52029485 0.53558677 0.5222584  0.49374881
 0.49049962 0.53615379 0.58292705 0.60228461 0.51397049 0.51096684
 0.50487524 0.52581388 0.53027844 0.49977282 0.55594933 0.50805771
 0.50315446 0.5213865  0.49161592 0.52029538 0.49976099 0.48910961
 0.50313747 0.48353451 0.49766192 0.53518027 0.49021304 0.46754292
 0.5030672  0.55442911 0.59888065 0.66661853 0.50182849 0.49092945
 0.47451031 0.50679708 0.56765556 0.60324353 0.50437623 0.51286453
 0.50740457 0.51524305 0.52692205 0.5101667  0.48258737 0.49362168
 0.47823212 0.56671333 0.62664878 0.55825639 0.485971   0.49022749
 0.5014323  0.47466201 0.47894678 0.46961987 0.54038626 0.5694738
 0.47441188 0.48753375 0.46606597 0.48946777 0.4643293  0.48457453
 0.49891198 0.49437818 0.46585679 0.45968243 0.52578372 0.50388938
 0.48893726 0.45864877 0.4546037  0.46559805 0.50586545 0.50964272
 0.48392847 0.47888312 0.46850625 0.47073668 0.4932417  0.47239962
 0.46042526 0.46668628 0.45641193 0.44608453 0.46388316 0.45272675
 0.49735576 0.50678295 0.49273795 0.47530854 0.47320694 0.45504746
 0.44600585 0.53096408 0.43855044 0.46160546 0.46062499 0.44692299
 0.49403644 0.51877981 0.52489311 0.51859117 0.45801908 0.44820181
 0.45391119 0.46770254 0.44656679 0.45510694 0.49242115 0.47265884
 0.50382876 0.50786942 0.44830665 0.44595045 0.46038136 0.45552617
 0.43854463 0.45167723 0.44290626 0.45506626 0.47117212 0.4926025
 0.56136209 0.47478187 0.45144278 0.45675734 0.45573145 0.4572666
 0.45692763 0.50296283 0.5025115  0.47045338 0.45462638 0.44059059
 0.45237559 0.45382199 0.47697279 0.44578639 0.44235796 0.4216077
 0.42751187 0.43506533 0.41659743 0.44565836 0.48534033 0.44719112
 0.5793342  0.6443755  0.5603466  0.44780913 0.44947651 0.43826294
 0.43346176 0.42947894 0.42610419 0.41356298 0.43322125 0.48446
 0.44542465 0.44391793 0.4422836  0.55763441 0.52148485 0.45761529
 0.43682906 0.44095191 0.45451298 0.43375045 0.41503608 0.41244063
 0.43341124 0.41579747 0.43313399 0.43672851 0.44734296 0.41231763
 0.41429028 0.44261241 0.46787545 0.44698402 0.4656958  0.46990377
 0.44822875 0.41869727 0.41203174 0.42392758 0.46437567 0.4230518
 0.41930807 0.42503783 0.4151246  0.44864658 0.40027481 0.4563733
 0.55407137 0.49038827 0.43261185 0.41620499 0.4253422  0.40356213
 0.40886366 0.40721816 0.40561271 0.39774525 0.41369936 0.42798564
 0.40838996 0.43660888 0.43933159 0.50884467 0.49699628 0.43323824
 0.42868239 0.42642933 0.42955342 0.42555353 0.43895972 0.43518019
 0.39886796 0.42862222 0.4517962  0.45680639 0.40548891 0.42065477
 0.41082305 0.43716553 0.53427714 0.54640204 0.4200854  0.40235054
 0.44556603 0.4254691  0.42266157 0.4295184  0.4162415  0.4199152
 0.49407324 0.43317392 0.41120255 0.41561332 0.41671798 0.41299883
 0.43158287 0.42689961 0.51081038 0.4263998  0.41043076 0.39951053
 0.4009892  0.41649839 0.41761529 0.40577516 0.41110292 0.41551054
 0.39409021 0.40028444 0.41795582 0.46788472 0.45760199 0.39308128
 0.38617682 0.39052859 0.41360819 0.40321639 0.4234181  0.38812998
 0.39405313 0.40271553 0.42028734 0.3972162  0.394086   0.40109152
 0.42493775 0.47108921 0.48901284 0.42550775 0.40624788 0.41208056
 0.43143287 0.41434777]
E for  12 selected participants in secure selection:   acc- 84.1000
loss:  [2.24219155 2.16557121 2.05043674 2.30583835 2.28539968 2.18633986
 2.09049368 2.03535771 2.31355977 2.25545263 2.17391419 2.05763912
 1.89901912 1.71007752 2.01154232 2.24352837 2.02537441 1.81148636
 1.93785584 1.38388991 1.33876908 2.73761058 2.25162649 2.09692883
 1.79046559 1.47854412 2.38672805 2.19321918 1.86157751 1.58059072
 1.56978202 1.19539082 1.18700516 1.49759018 1.65571856 1.41098893
 1.11951125 0.97017044 1.0653317  1.4035604  1.18925893 0.99327141
 1.07783163 1.41152537 1.14634347 0.88079959 0.96869045 1.01040947
 1.13693857 0.84990215 0.83400351 0.87406868 1.01127803 0.94078261
 0.8096925  0.80485511 0.79474968 0.87823796 0.94578147 1.20865679
 0.84172577 0.74335372 0.78918302 0.83922559 0.83857131 0.75816435
 0.72535437 0.70412636 0.72588331 0.72485763 0.86458838 0.81873131
 0.69668293 0.6708889  0.69631839 0.68925583 0.75080824 0.84556425
 0.97098088 0.74877483 0.67988098 0.70925641 0.68207544 0.69050294
 0.71792942 0.68609893 0.69340867 0.72559929 0.70910549 0.64962065
 0.66819608 0.66857988 0.70687467 0.74931669 0.71327686 0.63983136
 0.64258468 0.66379124 0.70280051 0.62625211 0.60865188 0.61955571
 0.63302511 0.69258976 0.75142717 0.96116376 0.87689412 0.65610653
 0.60734957 0.62800735 0.62205726 0.60084963 0.6117065  0.64557689
 0.84253585 1.09728491 0.79121625 0.70275217 0.63805079 0.64289552
 0.63728368 0.63075352 0.64581817 0.61803752 0.57821649 0.59089881
 0.63849777 0.68008775 0.59751558 0.58749968 0.59790593 0.633654
 0.83154756 0.81216991 0.73065871 0.67918354 0.62707716 0.59575999
 0.58619142 0.5801152  0.61989874 0.59245372 0.58885115 0.61667544
 0.61148971 0.59189534 0.60408461 0.5518896  0.57970631 0.62231934
 0.59554422 0.61829603 0.57561725 0.56383181 0.57774454 0.55349213
 0.56831783 0.60621798 0.63220668 0.66549408 0.58550149 0.5610221
 0.56689656 0.54132068 0.56082821 0.57211453 0.58744675 0.60418093
 0.57611144 0.58480519 0.6753245  0.5486607  0.53682876 0.54437381
 0.53675729 0.54916018 0.53400731 0.55063301 0.55812562 0.5987649
 0.55241746 0.57646281 0.54950929 0.56825054 0.60858721 0.58390266
 0.55648619 0.51057762 0.54409069 0.54798579 0.64860106 0.71321273
 0.58068317 0.54721981 0.56399804 0.55956674 0.57326865 0.5587967
 0.54736561 0.55337197 0.56280631 0.57934016 0.52415061 0.52772152
 0.52316469 0.51399904 0.56219685 0.59258884 0.57287663 0.52499211
 0.5286209  0.52172315 0.55149335 0.56505179 0.50554758 0.52502644
 0.53631479 0.5288344  0.55358768 0.49835694 0.49992755 0.49737895
 0.51958138 0.58107293 0.50262797 0.50107986 0.51762998 0.52535278
 0.53503233 0.65218031 0.61108202 0.50727814 0.49655005 0.51026511
 0.49382558 0.50022793 0.5046404  0.53843468 0.53295481 0.59750003
 0.49787197 0.49694249 0.4829334  0.48736817 0.49349537 0.52022511
 0.53157258 0.54644859 0.54384637 0.60404497 0.53757226 0.49769711
 0.59043068 0.68591362 0.50536394 0.52963978 0.4834041  0.47561231
 0.48230258 0.50733829 0.55149698 0.50243312 0.47671732 0.47842139
 0.53119236 0.52913302 0.49957421 0.4888334  0.47024435 0.47320244
 0.46627271 0.47224703 0.47221935 0.48760742 0.5167073  0.53307134
 0.49550772 0.48644209 0.49956763 0.48484215 0.46404541 0.46572652
 0.4660044  0.47063527 0.55545354 0.54921925 0.50627804 0.49701768
 0.51221311 0.46622482 0.47562012 0.46478754 0.46430972 0.45561767
 0.46831268 0.47021139 0.52001411 0.4622066  0.45639449 0.44600621
 0.6296562  0.60218501 0.5302605  0.58830494 0.47687325 0.46710563
 0.45930988 0.44754159 0.46014154 0.47755781 0.45783773 0.45188749
 0.45926178 0.5592497  0.59836471 0.49300176 0.45297417 0.44939873
 0.46379986 0.44308105 0.4582434  0.53885829 0.64017844 0.52842093
 0.49947992 0.47389087 0.46758795 0.44963145 0.46865341 0.46022412
 0.47086963 0.47911283 0.47406173 0.48254654 0.49948317 0.47519794
 0.50936836 0.48806748 0.49053413 0.45651528 0.45225179 0.43393058
 0.43805522 0.50011754 0.48257202 0.48391932 0.55562639 0.4462629
 0.43880826 0.43874228 0.45593077 0.49558681 0.49447531 0.44844845
 0.44692501 0.42952865 0.42726871 0.44520992 0.48838672 0.53970343
 0.47809869 0.44870308 0.43271402 0.42683607 0.42673305 0.44160083
 0.50344634 0.49887928 0.49370015 0.44012079 0.46525472 0.46082491
 0.47468027 0.44353721 0.43438092 0.47415942 0.52360648 0.48787388
 0.43291044 0.44531763 0.43467388 0.49084371 0.45941249 0.42206216
 0.42809126 0.47244579 0.57603317 0.55436069 0.44722992 0.44687578
 0.43138525 0.43933994 0.4358356  0.4273957  0.42914307 0.43133882
 0.43323642 0.45119283 0.46665591 0.45120469 0.47500578 0.42688003
 0.42843789 0.42235619 0.42526412 0.42524609 0.42725965 0.42552525
 0.42416143 0.44941679 0.47032306 0.5156095  0.43086103 0.47497782
 0.47072017 0.42732266 0.43459845 0.45259237 0.44735724 0.41234371
 0.41423151 0.43010581 0.46804252 0.41912526 0.41305766 0.49096987
 0.56141901 0.49008584 0.46507418 0.45383647 0.42852291 0.41711664
 0.42381069 0.41548336 0.41885582 0.44345376 0.47213209 0.44264761
 0.4762103  0.42680934 0.4157435  0.41660157 0.42515868 0.53659546
 0.45626807 0.45467553 0.45492157 0.41226992 0.42190424 0.40343881
 0.43715116 0.42685401 0.48685917 0.46545929 0.4631643  0.4213461
 0.41780087 0.40262043 0.40310776 0.41750807 0.41437477 0.43380111
 0.43500736 0.46024874 0.42412093 0.41608745 0.4398185  0.43684259
 0.41269547 0.45033121 0.46534154 0.46675953 0.45557192 0.41096324
 0.41267383 0.42173749 0.40358114 0.40667483 0.42127416 0.40913862
 0.44750816 0.42326227 0.42615634 0.41494313 0.41045636 0.41549796
 0.42895257 0.41654703 0.43392447 0.48461708 0.4818694  0.41146061
 0.40075806 0.41283125 0.4334459  0.42953223 0.40054488 0.40654036
 0.40840667 0.41114619]
E for  14 selected participants in secure selection:   acc- 84.6700
loss:  [2.24185872 2.16358256 2.02992511 2.02399421 2.24674344 2.21109629
 1.96683764 1.5950309  2.83058882 2.34721351 2.27627277 2.22308874
 2.16425753 2.06185269 1.90436578 1.71395922 2.21861005 2.19960427
 1.98304546 1.9574635  2.8195765  2.21249986 2.04456186 1.75952089
 1.50618267 1.33418918 1.50419319 1.20941103 2.20905924 1.64216912
 1.47812057 1.91622603 1.93894243 1.6631521  1.44326723 1.22772968
 1.0231638  0.9198615  0.97702676 1.17917025 1.38706958 1.19039166
 0.96454132 0.8732084  0.83134091 0.89481819 0.81362891 0.79149348
 1.20632637 1.21116006 1.00019109 0.85677499 0.83021414 0.78021246
 0.75834531 0.72921091 0.92599559 1.03109252 0.83623409 0.70008957
 0.68376601 0.67687917 0.67844397 0.7080608  0.89873415 1.02225816
 0.82251346 0.71828878 0.67474675 0.67239273 0.68036228 0.66697782
 0.65890568 0.63052154 0.62883854 0.68063474 0.71951526 0.71978909
 0.68906516 0.62964749 0.61327088 0.67956847 0.8012408  0.78351146
 0.6627112  0.6397922  0.62913781 0.63158453 0.61784202 0.61163586
 0.61968547 0.6589132  0.63223326 0.61529744 0.59172088 0.57788497
 0.58885074 0.59716338 0.67564571 0.67115122 0.68744969 0.66894293
 0.63370657 0.62189192 0.61841726 0.58671999 0.59179115 0.62029493
 0.61324227 0.59752148 0.63504386 0.79405141 0.63444442 0.56623775
 0.57552803 0.58135837 0.55869055 0.55737138 0.55768532 0.5543831
 0.5695715  0.57830215 0.6268779  0.56507546 0.56816965 0.55601662
 0.58671796 0.61405396 0.67585832 0.65945125 0.62428898 0.61450535
 0.57039464 0.54899538 0.5390963  0.5539487  0.54098547 0.58926976
 0.55819535 0.56331682 0.57071084 0.59766567 0.64212751 0.58032817
 0.54417747 0.55663407 0.57527673 0.57713884 0.60211718 0.56747967
 0.53045881 0.52769732 0.56272256 0.59335005 0.55951542 0.51538354
 0.51980627 0.51963967 0.51193732 0.52472937 0.51825207 0.52375907
 0.51510388 0.56985056 0.60871613 0.54765069 0.53727406 0.51866192
 0.52240032 0.53024268 0.51706594 0.54489881 0.61399251 0.56307644
 0.50494015 0.49653888 0.52906996 0.53726768 0.58952951 0.52686697
 0.52831638 0.50267196 0.49242124 0.49401808 0.51450163 0.52579796
 0.49399576 0.50137854 0.53857732 0.5135231  0.5759142  0.52505904
 0.51693171 0.53189117 0.54531127 0.51034659 0.49526489 0.53180438
 0.51394218 0.51942778 0.47783175 0.47336343 0.47169605 0.47314179
 0.50575769 0.50842822 0.54755986 0.55596346 0.53169227 0.53571302
 0.5553053  0.50055361 0.47976792 0.4859606  0.47347999 0.48304829
 0.46674716 0.53199691 0.54156905 0.53041703 0.51400781 0.51278156
 0.55591208 0.49974453 0.49005499 0.49427006 0.47945347 0.47439277
 0.5150454  0.58901155 0.62189472 0.52316964 0.47675243 0.47395399
 0.49897563 0.45871368 0.46924511 0.48539454 0.4765414  0.51095217
 0.52767926 0.51363963 0.47363734 0.48716119 0.47389409 0.47449046
 0.44482192 0.43644992 0.45132616 0.48587435 0.47832564 0.43994784
 0.43690211 0.43663707 0.5085935  0.57716662 0.4463734  0.4654285
 0.47043467 0.46896562 0.46961582 0.46516576 0.4864088  0.54285014
 0.57794946 0.56076908 0.4738296  0.43873522 0.45002681 0.46316859
 0.50690126 0.46363911 0.46415231 0.45563716 0.47540352 0.45105562
 0.456444   0.46188551 0.48459697 0.47587037 0.4463647  0.43770653
 0.43030021 0.4435586  0.43604726 0.46077564 0.43308911 0.43935665
 0.46400142 0.49258804 0.54875457 0.47704887 0.43085757 0.43575734
 0.45220953 0.46156421 0.46757042 0.484631   0.45854911 0.45935592
 0.4849079  0.50079578 0.46031377 0.42697123 0.43368632 0.44825596
 0.52987242 0.57128835 0.53432614 0.44905668 0.4291755  0.45784444
 0.45962739 0.43323594 0.44776064 0.44131166 0.44236055 0.44442716
 0.43952772 0.44962436 0.45984674 0.42006835 0.4694213  0.44449389
 0.43044463 0.45065761 0.45034531 0.42050362 0.43554872 0.42581254
 0.4167912  0.41774493 0.43217203 0.45845497 0.52783352 0.50028592
 0.43658885 0.41699928 0.40901288 0.41371459 0.4129419  0.41617572
 0.40404201 0.43261093 0.44269595 0.41679463 0.42437974 0.42942521
 0.41424981 0.41978192 0.40152177 0.40675372 0.43541655 0.4308486
 0.41598213 0.47460502 0.46972907 0.46481049 0.44104615 0.42528155
 0.41292897 0.41529354 0.43459907 0.43920326 0.43503511 0.49206132
 0.42504829 0.41226327 0.42377773 0.46300048 0.46317393 0.42662677
 0.47573063 0.45615619 0.39900553 0.4047721  0.44118658 0.46577397
 0.41210917 0.40280503 0.42275703 0.42829028 0.39975488 0.40911746
 0.40033031 0.42405406 0.42332816 0.41706219 0.45667973 0.42084986
 0.43433487 0.42476812 0.42824742 0.46899283 0.48738155 0.41094321
 0.4129338  0.40595055 0.39879677 0.40831622 0.42980108 0.41973609
 0.42603579 0.39569721 0.39385831 0.40125427 0.40018952 0.42126542
 0.42605102 0.42827451 0.44012246 0.41292059 0.40383857 0.44783545
 0.45775864 0.42299935 0.3973799  0.39604184 0.43027619 0.42480507
 0.38326675 0.39560932 0.39386249 0.41286495 0.3989673  0.39851528
 0.40993661 0.48400697 0.56237674 0.45725074 0.40503213 0.40084338
 0.4019444  0.39895371 0.4095301  0.3972024  0.40714338 0.39158627
 0.39097756 0.39920804 0.39535323 0.43890956 0.43471581 0.38691503
 0.39277744 0.38675639 0.39433274 0.38080555 0.39200944 0.39930537
 0.38821852 0.38065079 0.38595101 0.38407248 0.38795605 0.42571798
 0.48882484 0.4645921  0.40159059 0.38747004 0.38993293 0.40082821
 0.51957095 0.48050782 0.39514241 0.38352016 0.39159477 0.38470665
 0.38184479 0.4319025  0.38150525 0.39465433 0.38665366 0.38868478
 0.38719422 0.37981501 0.38673285 0.3868106  0.38710371 0.40825543
 0.39020717 0.41640723 0.41229805 0.40431949 0.42312953 0.39416349
 0.38160017 0.39252251 0.39844853 0.43122968 0.38435322 0.38479364
 0.38092196 0.38155505 0.39363551 0.38353515 0.39956793 0.4091031
 0.46687376 0.4113349 ]


E for  6 selected participants in secure selection:   acc- 85.3900
loss:  [2.25087023 2.18996096 2.08590579 2.16153955 2.11531353 1.98779202
 2.1311202  2.06390953 1.6526469  1.74342167 2.55340576 2.32640791
 2.28362679 2.26341319 2.22414756 2.20453858 2.14326906 1.98686194
 1.81945276 1.93800485 2.60083961 2.31436038 2.30519795 2.29020023
 2.27376318 2.22877336 2.10862684 1.88573384 1.65365279 2.52281141
 2.35630083 2.25857472 2.19175243 2.09431767 1.97290194 1.82726097
 1.89777887 1.57275355 1.81237125 1.86723697 1.78421247 2.21955442
 1.9914844  1.71440041 1.4564203  1.30816686 1.78622711 1.78763556
 1.55861533 1.39374566 1.36261916 1.65216172 1.35459185 1.11568367
 1.00535417 1.2269634  1.42617393 1.52954805 1.4966979  1.58014917
 1.25505376 1.16952932 1.01574326 1.01180661 0.95593214 0.94223136
 0.82497996 0.94588709 1.54946315 1.24806976 0.92291057 0.86172879
 0.79948032 0.96734852 1.40580475 1.13124621 0.85284591 0.86604553
 0.86607951 0.8006466  0.72198224 0.73298877 0.90622854 1.00681067
 0.9707548  0.71670234 0.73687404 0.77472305 0.86979377 0.80332363
 0.74192029 0.70917165 0.66026223 0.68789256 0.81065452 0.89226544
 0.71365643 0.69366473 0.69285989 0.69497424 0.81918919 0.68832105
 0.64001143 0.65808499 0.64465886 0.67080659 0.64292836 0.61033392
 0.63653457 0.70322973 0.76785523 0.71662921 0.65858591 0.66338843
 0.71240795 0.72397858 0.66337693 0.60853767 0.62045205 0.61374432
 0.61823064 0.64178234 0.81225944 0.89143056 0.70286655 0.63922781
 0.6307202  0.60013372 0.59319955 0.62079233 0.69426769 0.72777718
 0.70120716 0.6232717  0.60076135 0.61008817 0.5726288  0.593822
 0.58394849 0.5954172  0.58320189 0.60405743 0.59477884 0.57678229
 0.65100896 0.62097615 0.65000105 0.69693547 0.59582889 0.63752544
 0.61923909 0.592282   0.66399646 0.66351479 0.62811846 0.56080091
 0.61453652 0.60114229 0.55311936 0.58152944 0.61013997 0.56597966
 0.54175401 0.56485784 0.57856673 0.57183743 0.55041242 0.59615421
 0.5637154  0.67052025 0.55937994 0.62475145 0.62796801 0.54460245
 0.55126858 0.55984861 0.63394666 0.62004226 0.56632799 0.54089963
 0.56135839 0.56162268 0.55929792 0.55158788 0.56388247 0.69880831
 0.55780566 0.54353178 0.54434949 0.52782363 0.51856536 0.61970025
 0.591479   0.60207886 0.52178228 0.52426618 0.53672224 0.53921103
 0.54974651 0.55666602 0.52448082 0.51590931 0.53489119 0.57602715
 0.66372502 0.53814965 0.56172377 0.62247556 0.68816274 0.53633332
 0.55417913 0.52406418 0.51906067 0.57755136 0.57803386 0.54611486
 0.51873958 0.50993079 0.51123422 0.52808923 0.54893547 0.53824365
 0.5408802  0.52223068 0.59038651 0.53127879 0.53103924 0.49470755
 0.54411125 0.53133512 0.53370297 0.52922398 0.5172984  0.52576375
 0.54830325 0.58013618 0.62256593 0.53625286 0.54119259 0.53232718
 0.54457146 0.52511877 0.52491808 0.52153057 0.50351018 0.55778074
 0.5726527  0.53231734 0.55087554 0.52709883 0.53484797 0.49937832
 0.49362865 0.48344302 0.50712979 0.55856681 0.60865855 0.6060555
 0.53296322 0.50106013 0.50042355 0.49584225 0.51191145 0.50214154
 0.51169932 0.5234372  0.53081    0.51968586 0.486889   0.50011367
 0.50700045 0.49696302 0.55639327 0.58019817 0.48982158 0.48863354
 0.54021525 0.58820677 0.49981055 0.48147056 0.47259009 0.52399987
 0.51420337 0.51773828 0.54197764 0.63337004 0.49361938 0.49926332
 0.53628516 0.50078404 0.49014252 0.49281022 0.52499771 0.50492638
 0.5590269  0.59772277 0.52635384 0.49693263 0.48153946 0.4833453
 0.47775856 0.46781564 0.4800857  0.47759014 0.4943983  0.50629002
 0.47789234 0.56388777 0.48589677 0.52979159 0.51689541 0.4738515
 0.50096542 0.48778588 0.4659746  0.50059402 0.45794478 0.4873853
 0.48920238 0.52035469 0.45784789 0.46257651 0.50213635 0.49076971
 0.45121923 0.45643175 0.46183208 0.49185386 0.48690414 0.47951138
 0.46962699 0.44666791 0.49395078 0.57576716 0.45964468 0.47040737
 0.4625622  0.44694752 0.46609351 0.45536631 0.45285937 0.4928852
 0.53674376 0.51433903 0.49693492 0.46815923 0.45616391 0.46590814
 0.45678008 0.45648339 0.4573909  0.51402366 0.46723783 0.50265312
 0.5764327  0.51001149 0.47011548 0.46861592 0.44852778 0.46142954
 0.4838753  0.52286172 0.47505215 0.45261386 0.44645649 0.46301222
 0.48836827 0.54485518 0.49933353 0.47094122 0.4976919  0.48856264
 0.4563899  0.44245234 0.44359443 0.45762032 0.45645165 0.44372916
 0.48156556 0.43606153 0.49813622 0.53663927 0.55483651 0.45729113
 0.4508312  0.45179173 0.46592021 0.4537172  0.44748297 0.47242826
 0.4360567  0.44603437 0.44243023 0.45109493 0.44309586 0.44924393
 0.43772548 0.50034547 0.538378   0.5173198  0.47879818 0.50414783
 0.5029397  0.43995717 0.44073004 0.46629491 0.47778252 0.44301772
 0.48680356 0.43165806 0.43884125 0.48777139 0.47711152 0.5321905
 0.49771991 0.44410938 0.45318228 0.46104908 0.44359994 0.45254454
 0.42753637 0.42788512 0.45956412 0.45138085 0.50148273 0.54225618
 0.43808603 0.43432719 0.42992362 0.44182348 0.45713893 0.490558
 0.43314686 0.43175629 0.44065455 0.43448329 0.44661349 0.47388986
 0.43121156 0.45159134 0.43539184 0.43711972 0.51723516 0.50326365
 0.42147011 0.4300496  0.43218637 0.44110572 0.43345171 0.46975392
 0.44268227 0.46697626 0.51453406 0.42916363 0.42427826 0.44174632
 0.43572173 0.42591298 0.44304189 0.42692867 0.4641133  0.51097584
 0.46436334 0.4329311  0.43331978 0.42661473 0.42204526 0.42841151
 0.47422826 0.44197369 0.47085321 0.44236499 0.43493491 0.43855816
 0.43179712 0.46058336 0.42761222 0.4478808  0.48270947 0.43257275
 0.41775918 0.45059043 0.42150396 0.42159453 0.42264786 0.44656992
 0.42999008 0.40967968 0.42026192 0.41533124 0.42447895 0.44433868
 0.42766592 0.45103779 0.42650494 0.42067188 0.44161689 0.46482977
 0.41426137 0.40681869]
E for  8 selected participants in secure selection:   acc- 84.5000
loss:  [2.23896098 2.16544461 2.30311561 2.3072145  2.25785851 2.17742133
 2.05054951 2.03753018 2.3745501  2.2201705  2.11801219 1.96646369
 1.71095037 1.99141955 2.11762333 1.99408901 1.58308434 1.2859875
 1.51120138 2.25629258 2.10597277 1.72240758 1.49261916 1.46617949
 1.24882555 1.6543082  1.53100312 1.27609313 1.34838593 1.27381027
 0.97032136 0.99609375 1.42675281 1.25918448 1.05159688 0.82122636
 0.84465498 0.87755013 1.19759369 0.9447003  0.82217151 0.75586522
 0.87864757 1.1108427  1.03066373 0.80126756 0.75986516 0.79084754
 0.8160423  0.79574096 0.99472737 0.80759788 0.7777344  0.76953083
 0.80569732 1.07606685 0.95535606 0.70720261 0.71131927 0.6964094
 0.81990147 0.80615115 0.70576769 0.67615515 0.81109178 0.93444324
 0.72327453 0.68082768 0.67048723 0.74995893 0.72930747 0.66030031
 0.6735127  0.64550984 0.64428687 0.72203451 0.71190554 0.67753154
 0.64776999 0.68440527 0.69789946 0.61061257 0.61821443 0.69764215
 0.65476537 0.60406673 0.62647539 0.61509776 0.62883872 0.76523656
 0.77441651 0.66854572 0.58550447 0.63931835 0.68534803 0.72149491
 0.61329436 0.58259875 0.59280914 0.60183936 0.63238275 0.60307854
 0.6915676  0.71546191 0.58836329 0.65184087 0.7312544  0.59994692
 0.56963086 0.5995034  0.5967719  0.56817603 0.5899049  0.61043453
 0.57179189 0.61637735 0.63143504 0.5995304  0.62098736 0.63633108
 0.56801593 0.55882245 0.5617761  0.64745516 0.55292571 0.54389083
 0.5429728  0.5450384  0.56540972 0.69994509 0.64155924 0.58320105
 0.63668847 0.62989658 0.54891872 0.60197634 0.60742825 0.63090503
 0.65629774 0.54330939 0.55317241 0.58354539 0.55161351 0.52781761
 0.55458719 0.53805423 0.59927601 0.65016156 0.61633748 0.53158712
 0.55816555 0.61955166 0.62463254 0.57557946 0.54408312 0.59444535
 0.57175261 0.6070562  0.63903624 0.5794282  0.54401892 0.52824539
 0.52222639 0.5895285  0.67922121 0.54720569 0.53796589 0.52058572
 0.54990977 0.58181763 0.52844894 0.59793049 0.56548136 0.5237844
 0.55197734 0.50783688 0.53701872 0.55568492 0.51761824 0.53351951
 0.50220877 0.53880656 0.55133098 0.54519701 0.52750975 0.49928692
 0.5547784  0.51739079 0.54787445 0.52651709 0.52051198 0.51493287
 0.52264923 0.5027352  0.53797179 0.52025461 0.53424734 0.56854421
 0.52177161 0.51386368 0.54318327 0.50338411 0.52581036 0.50070029
 0.52181697 0.51781738 0.51543123 0.49289092 0.58171397 0.52503961
 0.55150396 0.52433586 0.49554887 0.51509959 0.53389871 0.50865692
 0.54845154 0.51049423 0.55783826 0.56288958 0.53685671 0.49518755
 0.48986363 0.49109259 0.5617066  0.55031872 0.5315451  0.50583839
 0.57935554 0.48818007 0.49911371 0.52926207 0.47939092 0.48920381
 0.52154702 0.49728608 0.5925715  0.5272311  0.49209112 0.491375
 0.47906825 0.51641124 0.5489552  0.49828145 0.4896287  0.46588853
 0.4759565  0.46124721 0.53744662 0.52888197 0.52555299 0.47827163
 0.51270694 0.49383336 0.494757   0.48230499 0.51952636 0.51033252
 0.46367475 0.48907363 0.52867568 0.52666712 0.46906808 0.46033457
 0.45697001 0.46702334 0.45660636 0.47398901 0.45399892 0.49230152
 0.53090936 0.47990292 0.50438744 0.53375614 0.55779207 0.52721918
 0.50619626 0.49412218 0.47997689 0.48368868 0.47081593 0.45474672
 0.45998749 0.57128388 0.49884468 0.53327626 0.49557656 0.47579205
 0.45383686 0.46303234 0.44909722 0.44443712 0.43455371 0.4458814
 0.44908202 0.47378233 0.50586027 0.48569283 0.58797544 0.49032509
 0.4432162  0.47758803 0.46915385 0.45827597 0.46609765 0.48493627
 0.4701879  0.46908736 0.4589605  0.43967625 0.47107279 0.45322067
 0.46208033 0.47054321 0.4505662  0.48422247 0.57905048 0.47562549
 0.44067407 0.44393292 0.45647115 0.53109503 0.48482406 0.45345527
 0.45201671 0.44806245 0.42664659 0.42590094 0.47997412 0.53531265
 0.46389946 0.46697921 0.43629542 0.42689332 0.43841314 0.42473531
 0.44153959 0.45502001 0.5970003  0.5454582  0.46488038 0.42863524
 0.43566832 0.44260621 0.43727362 0.43538573 0.5332396  0.49958643
 0.47038701 0.43690279 0.42419401 0.42906129 0.44756553 0.46054476
 0.43743482 0.46979916 0.41860172 0.43219945 0.44348589 0.48022118
 0.47677651 0.42548838 0.45329925 0.45003569 0.48108202 0.44950595
 0.44495577 0.45328224 0.44860303 0.4407084  0.43168354 0.44585943
 0.41885859 0.41724727 0.4310728  0.4646351  0.45618802 0.47659829
 0.45930907 0.43578392 0.42608696 0.43334067 0.43708476 0.43049642
 0.41851881 0.4516255  0.44999331 0.44471362 0.42377728 0.43372041
 0.43973604 0.46195054 0.42578834 0.41610846 0.61812395 0.49939346
 0.43775705 0.41812694 0.42974916 0.44757372 0.44066465 0.43391669
 0.41011816 0.40857482 0.44423783 0.4295246  0.41901547 0.43888623
 0.43875551 0.41518575 0.41223502 0.4180181  0.4744083  0.45223302
 0.4479765  0.43789721 0.40670609 0.41141322 0.40513289 0.44017836
 0.47000566 0.51347357 0.46964321 0.42245454 0.44522882 0.41298392
 0.41669092 0.4238171  0.41160861 0.40893036 0.42518291 0.42218876
 0.40141651 0.40849406 0.41115797 0.4192498  0.48310712 0.43582511
 0.40370303 0.40739417 0.41702515 0.50580329 0.48918998 0.41196114
 0.40740028 0.40218461 0.41069072 0.438586   0.43037578 0.44688472
 0.45790386 0.43469322 0.40136549 0.42052525 0.40912616 0.40276527
 0.429681   0.44377616 0.42311519 0.43050465 0.42091703 0.42837602
 0.41924798 0.40067494 0.44122782 0.44925469 0.41902056 0.45753285
 0.4498401  0.41500029 0.43987006 0.43006918 0.42185825 0.40460926
 0.41004357 0.39276257 0.40365684 0.41879565 0.42437035 0.48806748
 0.45657372 0.41047159 0.45987865 0.45957559 0.47204819 0.44042647
 0.42515191 0.40095198 0.42255172 0.4400982  0.39474052 0.40169185
 0.51125616 0.52214944 0.4493601  0.41575718 0.41520336 0.40170321
 0.40972182 0.40989125]
E for  10 selected participants in secure selection:   acc- 86.2300
loss:  [2.24109268 2.17984104 2.17154312 2.54257393 2.29618645 2.28465343
 2.27155185 2.25572252 2.23286939 2.19740462 2.14002585 2.04759836
 1.92257869 2.45400238 2.30094004 2.27070594 2.24403524 2.21329117
 2.20889139 2.0610497  1.95215154 3.1253798  2.28569365 2.2459197
 2.19841981 2.10415363 2.01407123 2.32873321 2.16469812 2.01620603
 1.81270993 1.70240331 1.91134322 2.05710053 1.72210228 1.49581623
 2.18744874 1.98365974 1.85002244 1.51197338 1.2728467  1.31699359
 1.76382148 1.59650826 1.10650837 1.0220865  1.25840938 1.09968889
 1.16753888 1.05965519 0.88974202 1.30686176 1.21922851 0.93894434
 0.80418527 0.76864219 0.86922824 1.17266476 1.07110405 0.79181975
 0.74841022 0.82323259 0.82678729 0.90077293 0.8809346  0.81467527
 0.74035764 0.65647298 0.72582442 0.91851979 0.91502714 0.78212363
 0.65795171 0.66389972 0.69482785 0.74441618 0.70162398 0.64870119
 0.73411751 0.69670159 0.66891897 0.72584993 0.70715964 0.7594794
 0.64037156 0.62047189 0.62733388 0.6204741  0.60458332 0.60638952
 0.62149113 0.77973855 0.76596975 0.65571815 0.62832898 0.65220499
 0.65296668 0.6262033  0.59939134 0.60915118 0.57377875 0.5830074
 0.58254373 0.60364884 0.67089516 0.81049222 0.67253935 0.65538329
 0.60089326 0.61774141 0.58360904 0.59152478 0.61675972 0.59884816
 0.62689471 0.57998246 0.6627565  0.59890229 0.59220749 0.6194669
 0.56864238 0.56128484 0.54516053 0.5571382  0.54238528 0.55281615
 0.58342522 0.61163336 0.5871219  0.53282517 0.53313601 0.58318341
 0.61270952 0.72335678 0.57811856 0.54412854 0.52840781 0.54428947
 0.56555843 0.66732526 0.70774382 0.5944674  0.53510857 0.52500123
 0.53975022 0.54281497 0.6260792  0.58522809 0.53027523 0.53282303
 0.59167117 0.5673157  0.55018985 0.54474258 0.53868216 0.53809899
 0.53681201 0.53829485 0.6190486  0.53978902 0.55252236 0.5082202
 0.5062446  0.52105111 0.50363761 0.56755459 0.58182198 0.53023279
 0.53455573 0.53977984 0.51012158 0.52083492 0.54594934 0.65874594
 0.55571902 0.52014017 0.56151193 0.48680019 0.5215981  0.50195098
 0.51446736 0.51158595 0.48674887 0.51064968 0.61777461 0.73147082
 0.5413745  0.49352652 0.49335253 0.49748266 0.49869424 0.57275891
 0.64377302 0.52325124 0.52078265 0.50361687 0.52345848 0.49465287
 0.48013902 0.48099574 0.50820524 0.52257365 0.55457395 0.56968457
 0.49261031 0.50114536 0.48760346 0.52213514 0.5269708  0.51844192
 0.51554763 0.57052118 0.54451084 0.54250246 0.49136114 0.47471997
 0.48713273 0.49297723 0.54123044 0.50209868 0.5140819  0.51032919
 0.50999027 0.54048389 0.49032828 0.46933213 0.50432932 0.58434772
 0.47918275 0.46305746 0.48025572 0.48389146 0.51684308 0.52754003
 0.49717829 0.60355777 0.58003902 0.54458576 0.48487279 0.46515635
 0.4684436  0.49414948 0.48283124 0.48846698 0.47647592 0.47499731
 0.5031749  0.57333946 0.49370039 0.49571747 0.46528691 0.46178886
 0.4801375  0.59391642 0.57028896 0.52308369 0.45908779 0.47012919
 0.46615553 0.50117934 0.4789162  0.49610147 0.45002621 0.4402059
 0.4470253  0.47374102 0.51289237 0.5117836  0.47780064 0.44612831
 0.4449147  0.43551952 0.46167877 0.48351011 0.47043222 0.47372848
 0.51460934 0.44624102 0.44174087 0.46461591 0.53139973 0.50166875
 0.49578866 0.47105175 0.45459971 0.47196683 0.45980436 0.45881268
 0.44813082 0.46881479 0.4508777  0.49532995 0.47824493 0.45549229
 0.45074189 0.42939404 0.44923887 0.46465668 0.45729405 0.4601813
 0.45781454 0.47788218 0.53833127 0.45777547 0.43632296 0.45704249
 0.48665822 0.46775988 0.45398223 0.46000853 0.4720211  0.43279034
 0.42907348 0.47229937 0.46053687 0.44656357 0.46444765 0.48894882
 0.45367032 0.42615914 0.41400301 0.43057299 0.44197965 0.48653573
 0.45540655 0.44393897 0.42048824 0.41991216 0.42978102 0.48724762
 0.45453867 0.4365204  0.42543891 0.44598135 0.46426713 0.49566719
 0.51395577 0.4360936  0.43651631 0.41449279 0.42497632 0.41780561
 0.42744994 0.43822694 0.42514658 0.44402388 0.42696422 0.42254278
 0.42363769 0.43540552 0.49545458 0.61652738 0.51462507 0.44221786
 0.44377095 0.42418063 0.41750878 0.43307298 0.42880058 0.42712167
 0.4596937  0.45005494 0.44415045 0.43281299 0.40726265 0.41602734
 0.41191632 0.42462313 0.40523297 0.41467515 0.43180394 0.43362838
 0.44113198 0.44285205 0.4150598  0.41502833 0.41080278 0.40671024
 0.40305907 0.39775589 0.44813448 0.56040388 0.55322027 0.45478755
 0.42440248 0.42777553 0.44186732 0.4676483  0.44173774 0.43620372
 0.42007425 0.48409638 0.4706797  0.43749282 0.42745849 0.41711625
 0.44536322 0.42510143 0.44259796 0.40879139 0.40150148 0.40932444
 0.4122518  0.46211952 0.41751578 0.41048092 0.45202294 0.4309983
 0.40421832 0.38906932 0.39529836 0.43321368 0.4312605  0.41240814
 0.44181177 0.4303647  0.44651976 0.40443161 0.39157283 0.41758642
 0.41415581 0.42320576 0.39495856 0.40562353 0.41644374 0.39478701
 0.41786078 0.46024027 0.47652569 0.39933607 0.41682023 0.39113656
 0.41038224 0.40468225 0.40754703 0.40208265 0.4051601  0.40407121
 0.41025713 0.40214169 0.48125121 0.41496083 0.4004488  0.40009126
 0.38786298 0.39940995 0.42234066 0.40004039 0.38556278 0.39330697
 0.39334181 0.39700454 0.39601508 0.42062655 0.39412716 0.41425699
 0.42933825 0.39206156 0.41168213 0.44585699 0.43203115 0.4304336
 0.41842392 0.4037641  0.39741224 0.40983692 0.40637457 0.41832259
 0.39041334 0.38184902 0.40766454 0.40742257 0.39392957 0.3854925
 0.38837245 0.3902432  0.39959601 0.39943287 0.42921367 0.40177146
 0.39391074 0.38292158 0.39969438 0.4243046  0.45510796 0.51165932
 0.48053759 0.4067781  0.38913041 0.37903771 0.38823736 0.38959637
 0.43203399 0.42343432 0.38018966 0.38614494 0.40323648 0.390679
 0.38349137 0.37929189]
E for  12 selected participants in secure selection:   acc- 82.6400
loss:  [2.24423313 2.17055798 2.08498907 2.45069718 2.30011034 2.25427723
 2.20296359 2.11030602 1.99364567 2.0915463  1.89527869 1.60629749
 3.66119766 2.2931776  2.24460983 2.23152256 2.22470236 2.09406519
 1.98254633 1.9597826  2.12969279 2.26934361 1.96015668 1.77189517
 2.80840778 2.6634593  2.64947534 2.31216121 2.3105092  2.30958056
 2.30858588 2.30675578 2.30607104 2.3051343  2.30573916 2.30483079
 2.30453277 2.30340624 2.30311108 2.30241132 2.30194426 2.30111122
 2.30016375 2.29920602 2.29793525 2.29596376 2.29356408 2.28826571
 2.2809124  2.26642799 2.23162675 2.17192125 2.04028463 2.01505685
 3.06045175 2.31323075 2.25653934 2.21989131 2.1662128  2.09161949
 2.05193758 2.23129892 1.9387641  1.85000861 2.21552873 2.06817579
 1.80818832 1.74746919 1.38524485 2.12233543 1.90276623 2.06348968
 2.1881671  1.92698634 1.74513185 1.56017506 1.41717076 1.03790081
 1.17457104 1.88347661 1.64960933 1.16177475 0.95120031 0.88060999
 1.23503041 1.37825191 1.37479329 1.03419077 1.00451982 0.81903875
 0.84918505 0.97583294 0.98763919 0.79881603 0.74838376 0.77335513
 0.73466784 0.75165051 0.70814568 0.74808925 0.74407065 0.84831202
 0.86743337 0.99716425 0.79049176 0.70294785 0.75886124 0.79843295
 0.68205732 0.66880929 0.7096656  0.7203002  0.82764208 0.74487424
 0.66811186 0.65604812 0.6320594  0.62426019 0.62855017 0.6575349
 0.68591803 0.82799548 0.82440442 0.7050575  0.64089495 0.63061064
 0.65630209 0.70287061 0.69946301 0.73370349 0.7284171  0.69116616
 0.62504584 0.60381609 0.62319279 0.6051271  0.58447659 0.60350442
 0.62193435 0.6427986  0.63555104 0.65444016 0.69261575 0.61171502
 0.6232329  0.65643972 0.66296709 0.67390901 0.60034013 0.59046477
 0.60706204 0.60223174 0.67518806 0.61605614 0.59943885 0.58053994
 0.63485396 0.67113787 0.61888367 0.60539722 0.63339883 0.63506633
 0.6315943  0.69321436 0.59375417 0.56687897 0.59634721 0.61629111
 0.5749048  0.63517189 0.64691639 0.60593843 0.55468917 0.57750314
 0.56120235 0.57995456 0.57621092 0.57735848 0.57556599 0.56711811
 0.66522461 0.63199794 0.59673005 0.6155414  0.5746851  0.57076716
 0.5782764  0.6084134  0.54853308 0.56211227 0.57923901 0.58081448
 0.56134373 0.54327708 0.53411072 0.54540056 0.57850438 0.69720739
 0.63809884 0.57896978 0.57995915 0.62205827 0.59176058 0.53351814
 0.54402143 0.545564   0.55020803 0.520298   0.53626895 0.52588493
 0.56255674 0.60065585 0.55187678 0.52900958 0.51843655 0.53728098
 0.58602577 0.55702454 0.53531969 0.5413931  0.57453334 0.55309576
 0.53702253 0.5699743  0.51969302 0.51156479 0.52849096 0.64084178
 0.5691883  0.51410812 0.54627639 0.52264738 0.53300071 0.56457514
 0.55312788 0.536107   0.53118563 0.50566113 0.50917137 0.53739607
 0.51682317 0.5661658  0.60024393 0.61125469 0.55311644 0.5187428
 0.53401077 0.50960445 0.50670457 0.51067311 0.56382644 0.52450395
 0.53469402 0.52472508 0.58114207 0.49579406 0.52893782 0.6294862
 0.61851013 0.54955918 0.53300762 0.5536117  0.54925877 0.50840086
 0.52687901 0.50143719 0.56894839 0.52481759 0.48897281 0.50694579
 0.50028062 0.49051249 0.52642298 0.51301134 0.49671632 0.51644021
 0.55121422 0.54541779 0.53174019 0.50508022 0.49909854 0.52445877
 0.49910629 0.50788718 0.49749359 0.54542685 0.50960642 0.48311934
 0.50346822 0.50765997 0.60735196 0.54231066 0.49118575 0.50595653
 0.50776201 0.50497228 0.48785961 0.48533818 0.51651734 0.52400553
 0.5242064  0.51737267 0.53371161 0.47418869 0.47682559 0.49500635
 0.48366034 0.49704769 0.53782409 0.56549394 0.51960647 0.49022877
 0.48782656 0.47141734 0.49476144 0.50763059 0.53375655 0.47595695
 0.47926489 0.46375194 0.4691191  0.49364686 0.55879784 0.54824883
 0.49804595 0.48952591 0.51348042 0.48167223 0.50798053 0.59908462
 0.52375108 0.47900063 0.47464591 0.45707506 0.47183242 0.47671515
 0.49464312 0.48719862 0.51813972 0.49574795 0.51430666 0.52250659
 0.53258699 0.48108423 0.46658066 0.48148388 0.49919799 0.51496089
 0.45248994 0.45837653 0.48346192 0.47641152 0.48802686 0.46486166
 0.50770265 0.45006758 0.45179775 0.46629086 0.52773762 0.48980108
 0.51366937 0.5212512  0.45096773 0.45287025 0.45127949 0.48034903
 0.52338886 0.5085761  0.48551983 0.46332681 0.49442217 0.49733198
 0.48489898 0.51922464 0.46662098 0.49575391 0.44843102 0.46971616
 0.46108747 0.4691152  0.53663623 0.45181754 0.48057744 0.45190528
 0.45396978 0.47443873 0.49219546 0.45222631 0.44794908 0.45683783
 0.47199976 0.57433999 0.55159515 0.49641368 0.46100196 0.43964708
 0.44627064 0.45619857 0.43863329 0.46010825 0.4904564  0.5130102
 0.52042514 0.45880944 0.46599278 0.44182783 0.46985126 0.47991922
 0.46795079 0.46091825 0.45543355 0.45228335 0.49805826 0.53828722
 0.46068627 0.44721314 0.44421524 0.45509604 0.45101261 0.45304853
 0.47701874 0.4640938  0.45174628 0.46320137 0.46484193 0.46480694
 0.55161119 0.54229647 0.46129987 0.44281626 0.44859013 0.45317891
 0.44774321 0.43123266 0.4306528  0.46008432 0.50636333 0.47337741
 0.46053082 0.43724579 0.43798095 0.44876948 0.49308497 0.50419188
 0.45435521 0.49143246 0.46581957 0.44584692 0.44788536 0.43821773
 0.45864806 0.46159306 0.45274898 0.45329088 0.45525116 0.44002002
 0.47237992 0.43977177 0.43353912 0.45291415 0.52149451 0.45851436
 0.45192832 0.44000962 0.45472822 0.43271407 0.42437592 0.42322284
 0.4402827  0.41910845 0.43389183 0.43692076 0.44845518 0.50090218
 0.44775859 0.42735133 0.42313907 0.46612313 0.45778209 0.52642065
 0.64827883 0.57161653 0.48633149 0.46739054 0.44900551 0.44004005
 0.42885986 0.44459209 0.55253708 0.4663538  0.43499383 0.43814385
 0.42215928 0.42639437 0.43569198 0.44100055 0.4819057  0.44376197
 0.41967306 0.46192315]
E for  14 selected participants in secure selection:   acc- 83.1300
loss:  [2.24126816 2.17270088 2.08659768 2.63118792 2.31588292 2.29350257
 2.2751708  2.25100183 2.21804285 2.15630102 2.05429053 1.8607012
 3.24849582 2.31696463 2.28575945 2.26314688 2.2346468  2.18764305
 2.11953115 2.0976665  2.09656382 1.9677633  1.68013942 1.98380172
 3.30941606 2.32811928 2.29505205 2.25736713 2.21178818 2.13516927
 2.0215106  1.8616488  1.74214101 2.16190004 1.84072113 1.52351213
 1.56935239 2.79151082 2.31904364 2.30589032 2.26070213 2.19352674
 2.15946698 2.218714   2.32308841 2.31987715 2.31589365 2.31204605
 2.30818129 2.30537105 2.30255365 2.30000019 2.2967155  2.29205608
 2.28615451 2.27641845 2.26325655 2.24522281 2.21454477 2.15858579
 2.08161283 1.96780038 1.80896187 1.83853221 2.01318097 1.71906757
 1.6975435  1.29064012 1.53762412 1.62441051 1.36327589 1.15686214
 1.31750619 1.26104403 0.98377341 0.99365574 1.03979325 1.37258482
 1.05880988 0.88945585 1.18524396 1.09330595 0.88591951 0.88855505
 0.88489324 0.89033312 0.8078239  0.90479559 1.06104612 0.95412678
 0.80353445 0.80306089 0.91660225 0.93727374 0.80176163 0.776173
 0.81860912 0.81799817 0.79013062 0.72509134 0.72177297 0.77386171
 0.76081121 0.80997223 0.72464168 0.69849944 0.7778042  0.85506183
 0.74932688 0.74139148 0.75203347 0.70782179 0.75464642 0.73120922
 0.74158603 0.69187576 0.69578636 0.69824862 0.80820322 0.75118631
 0.67718661 0.6886307  0.6785394  0.67275816 0.66387981 0.68244654
 0.64616221 0.69017178 0.68593663 0.72945452 0.67591852 0.66973126
 0.70609283 0.68231958 0.65764123 0.67284942 0.7604295  0.72472078
 0.70824552 0.66936451 0.63761675 0.6842736  0.74456    0.77239585
 0.64440674 0.61890501 0.634583   0.62575853 0.62354249 0.62722468
 0.62880743 0.61765325 0.6810779  0.64951193 0.63112468 0.74300754
 0.85803741 0.78195518 0.65589064 0.61889428 0.63175732 0.62486714
 0.63191628 0.6453867  0.68903309 0.68417478 0.65251011 0.62989736
 0.60233867 0.61477548 0.63185596 0.65621865 0.64513898 0.60035688
 0.61564732 0.61628753 0.6082443  0.61616826 0.61058533 0.70587927
 0.69511551 0.59739983 0.64061135 0.6404801  0.63175428 0.62724298
 0.5893839  0.60694885 0.60240102 0.59483612 0.59580219 0.59026855
 0.62700653 0.62626964 0.64969552 0.60596216 0.58267355 0.56735539
 0.56831169 0.59168804 0.57818401 0.62613332 0.63306218 0.61737436
 0.60234749 0.63028097 0.58368373 0.58087766 0.59227598 0.63709825
 0.61587793 0.64156634 0.57538921 0.5820213  0.56732666 0.60593742
 0.59196407 0.59999418 0.56121975 0.55980575 0.55687517 0.59038824
 0.61550999 0.59366888 0.62153852 0.58459425 0.5703243  0.55943227
 0.5946089  0.66297621 0.59155685 0.61226159 0.59920579 0.55842239
 0.56425965 0.58655941 0.58405447 0.56320959 0.55267662 0.55751562
 0.62226379 0.66555852 0.58764553 0.56502193 0.54520822 0.54227036
 0.53301096 0.53690612 0.54952163 0.6072548  0.59519655 0.58468443
 0.56317878 0.5756191  0.57211095 0.55659485 0.55165094 0.5545795
 0.54230678 0.53495187 0.56775266 0.56593615 0.54740798 0.60676652
 0.59977454 0.55473411 0.54060328 0.59578013 0.7085793  0.70716476
 0.57697564 0.53860539 0.55766064 0.54938781 0.54396784 0.5865007
 0.53326923 0.53155488 0.51829582 0.52453864 0.52359456 0.55699247
 0.51968497 0.51079804 0.52143961 0.56627363 0.58180565 0.53795099
 0.52420986 0.52928317 0.51445538 0.5654425  0.51228386 0.52691323
 0.58060187 0.62411934 0.61024469 0.54460162 0.50904244 0.51579142
 0.51771796 0.54117262 0.53477216 0.51114905 0.50743186 0.52018452
 0.5162009  0.50287205 0.51444829 0.52877063 0.54845905 0.62178069
 0.56046969 0.50983196 0.50798249 0.52029604 0.53829199 0.53985679
 0.54722881 0.5576278  0.54434341 0.50735188 0.53946769 0.52575499
 0.54599345 0.52465439 0.50106347 0.49967599 0.51286852 0.48864442
 0.50023079 0.50538242 0.53282517 0.64192587 0.65408355 0.54620767
 0.53085113 0.51662898 0.48944545 0.49549243 0.52430588 0.48952374
 0.49839059 0.49595216 0.49059147 0.48878062 0.4881357  0.52730811
 0.53739589 0.52095109 0.51170731 0.49585551 0.53722435 0.60428679
 0.47990763 0.50867546 0.57925916 0.50253087 0.50055903 0.49262416
 0.4997724  0.57005763 0.50893635 0.48594248 0.49197221 0.49522021
 0.52768463 0.57387024 0.55228919 0.53963023 0.58004677 0.50976253
 0.48578969 0.48694557 0.50312954 0.50423521 0.48692787 0.49381542
 0.56336564 0.53275442 0.47369576 0.47905546 0.47830826 0.47274736
 0.47179434 0.50149798 0.54000998 0.58572882 0.50796169 0.49987206
 0.48161098 0.48630503 0.48937789 0.51160544 0.48852479 0.46352428
 0.46053413 0.47395816 0.50532264 0.54550064 0.50820363 0.47221988
 0.47585538 0.46780258 0.48283893 0.48124522 0.54346204 0.52044386
 0.48140448 0.46201098 0.46002793 0.47338897 0.46587992 0.49233505
 0.48352623 0.54665166 0.61265403 0.51922005 0.47409362 0.47833404
 0.47085494 0.46405089 0.46278155 0.48053378 0.48603135 0.51973313
 0.50457841 0.48901328 0.45234072 0.47604918 0.52127874 0.5228644
 0.46399257 0.46201822 0.4599039  0.44524574 0.45331582 0.46993336
 0.48857945 0.49820319 0.44362447 0.46391115 0.47754067 0.48557812
 0.45711255 0.45608711 0.44986415 0.45152113 0.43939054 0.46781996
 0.57403499 0.56471705 0.53390759 0.4625625  0.4533172  0.44111636
 0.50099742 0.49379185 0.50749183 0.46781144 0.4479458  0.44253266
 0.4587208  0.48433438 0.44972715 0.43883634 0.47953385 0.49493915
 0.52335191 0.47344068 0.45171431 0.45623878 0.44421488 0.43998277
 0.49417081 0.53184193 0.51513284 0.48486957 0.47972623 0.45700952
 0.45081773 0.4611772  0.50208163 0.48487246 0.45768893 0.50590712
 0.47797003 0.45469561 0.43793941 0.47535771 0.45103526 0.44430465
 0.46879414 0.46920201 0.48597616 0.45673853 0.44314393 0.43807164
 0.43965644 0.45317265]


E for  12 selected participants in secure selection:   acc- 84.8400
loss:  [2.24124169 2.16226554 2.09135675 2.26359367 2.28222728 2.18386269
 2.03101826 2.06009364 1.78417599 2.42081165 2.21430683 2.02603698
 1.79985487 1.68578637 2.43865752 2.34674621 2.24231887 2.18094301
 2.12336516 2.03900671 2.25206637 2.19507027 2.07095575 1.88921916
 1.97441328 1.49787581 1.21803534 1.53886485 2.11021972 1.9216553
 1.45682633 1.1949532  1.60380673 1.56771362 1.26964176 1.18183494
 1.34363937 1.3307538  1.1724925  1.15598667 1.20535553 1.01036084
 0.94681531 1.1603756  0.99199814 0.87277317 0.88964903 0.99163359
 1.24950552 1.16420114 0.93372512 0.8188796  0.84666514 0.96840477
 1.28224993 1.08140147 0.82379287 0.77504587 0.84760833 0.8634873
 0.95943362 0.81868833 0.77874053 0.785528   0.78416902 0.87235665
 0.96953195 0.75182664 0.74400467 0.79250002 1.00993443 0.90287685
 0.74955809 0.69699848 0.72832751 0.71258652 0.84371746 0.88927567
 0.7986989  0.79793143 0.8946991  0.76707709 0.69333291 0.68370527
 0.71858108 0.68526626 0.85994941 0.86137861 0.78027695 0.6639303
 0.65413523 0.68193376 0.69283938 0.7565046  0.6675663  0.66255027
 0.65804827 0.65406179 0.73076373 0.7278477  0.93869656 0.69214791
 0.62991595 0.61250061 0.65651155 0.71167767 0.75694072 0.6550132
 0.60747457 0.62766635 0.6180076  0.59191149 0.59193611 0.61803305
 0.65617228 0.62019813 0.60739291 0.59577483 0.68392134 0.78963178
 0.70758802 0.65340644 0.6237064  0.60105985 0.61384773 0.56780499
 0.58207732 0.65984744 0.73560852 0.64035589 0.59628481 0.63214773
 0.74940246 0.60123998 0.63249058 0.61073244 0.56654233 0.55248314
 0.57131016 0.59221101 0.6029166  0.57430786 0.57597721 0.56029856
 0.59628981 0.6041221  0.62089044 0.55531764 0.59013546 0.635149
 0.63444239 0.58415926 0.61688071 0.58329856 0.65608263 0.56470037
 0.59465647 0.57456154 0.56625122 0.61033022 0.5629074  0.54820019
 0.5370087  0.55285442 0.56303012 0.59731877 0.55129176 0.62270308
 0.5621528  0.62795144 0.56128454 0.56622916 0.5285812  0.52532727
 0.52555853 0.51488829 0.51743031 0.5432986  0.58582419 0.74292195
 0.6049093  0.55554825 0.63322043 0.52972585 0.54260647 0.56526047
 0.54474157 0.54250741 0.51044261 0.52529168 0.53740746 0.61115378
 0.83453304 0.63934606 0.54900122 0.51165897 0.50427085 0.49734384
 0.53203404 0.50157541 0.5492754  0.54899555 0.51704246 0.50986999
 0.50034904 0.52559328 0.51428151 0.5345785  0.51591665 0.52197278
 0.52252048 0.4925805  0.51948357 0.55402893 0.55010128 0.54457885
 0.5374645  0.4937979  0.51044053 0.50680941 0.49873403 0.49850664
 0.4750818  0.49312076 0.49510571 0.59876502 0.50568128 0.54864258
 0.53626436 0.5573507  0.55828673 0.53399372 0.48741606 0.48770273
 0.47425848 0.5019328  0.55245006 0.50120014 0.54767728 0.56173426
 0.53928506 0.49635449 0.4709422  0.46742174 0.49824017 0.50160658
 0.56615847 0.51124787 0.49062213 0.49160057 0.52327073 0.46841034
 0.46656811 0.52434713 0.54591358 0.47441739 0.4655062  0.48210678
 0.49315834 0.46468756 0.48225638 0.46580863 0.48595449 0.51861399
 0.47709677 0.47019506 0.54064399 0.49150929 0.46285865 0.48018843
 0.46359146 0.49183971 0.51185191 0.54604816 0.51782805 0.49824673
 0.52096808 0.62615854 0.48222616 0.48109615 0.45822257 0.47294521
 0.49475151 0.47841513 0.46685717 0.47990835 0.53492963 0.5874415
 0.50689566 0.48141265 0.47385395 0.4632839  0.45820957 0.49821255
 0.49713579 0.45425156 0.46099722 0.44888091 0.47026011 0.44807017
 0.44248217 0.47058213 0.45573658 0.47889233 0.48248076 0.45656392
 0.45932162 0.51153439 0.54682738 0.50561833 0.46714288 0.45104513
 0.4574067  0.45315114 0.45169044 0.4434807  0.4395372  0.46654394
 0.47174269 0.5359292  0.46184507 0.43298456 0.46236825 0.49885082
 0.49295303 0.46649149 0.46428257 0.5544408  0.52578956 0.45577928
 0.44388032 0.42970294 0.43777046 0.43204424 0.42625752 0.42699981
 0.47798169 0.47532681 0.47763866 0.46781972 0.50808167 0.45773539
 0.45309809 0.44237939 0.50488645 0.62371564 0.57640129 0.47658852
 0.45225161 0.43639302 0.44643202 0.43881172 0.46016118 0.4256483
 0.45621607 0.50950652 0.56154484 0.46217984 0.42856944 0.42374083
 0.44994366 0.43536606 0.44228208 0.42468566 0.42229155 0.42822123
 0.4103038  0.42221695 0.43518126 0.46041641 0.48432848 0.50973743
 0.49856997 0.46347159 0.42878544 0.45043653 0.46230811 0.42569503
 0.45709223 0.445611   0.44304302 0.42485693 0.43418697 0.42143834
 0.41159379 0.43836212 0.46352071 0.49801722 0.42288437 0.40920383
 0.41395289 0.43027198 0.47012788 0.53988409 0.45866308 0.43207294
 0.43275499 0.4735128  0.49593911 0.4444437  0.42322412 0.46999916
 0.42174801 0.42011064 0.40768591 0.41307402 0.45097303 0.49370965
 0.43705767 0.42520332 0.42912075 0.41551596 0.45746046 0.42041376
 0.41564628 0.43697447 0.43583968 0.4333334  0.41155931 0.40094489
 0.40318885 0.40959945 0.40890279 0.41969526 0.44456205 0.48485321
 0.41059458 0.40715304 0.41711998 0.43227974 0.51017135 0.47788417
 0.40114793 0.40350911 0.40444374 0.42280966 0.40645584 0.40867326
 0.40523067 0.41945684 0.41227275 0.45295244 0.41920283 0.42072484
 0.41733238 0.41731572 0.42769369 0.41270873 0.41635337 0.46269947
 0.45582378 0.42007095 0.43011737 0.44135854 0.47809243 0.42423624
 0.41968691 0.39523551 0.48932016 0.50683028 0.44549072 0.4740625
 0.45592681 0.41188627 0.39792827 0.39980537 0.40427452 0.39424911
 0.39331481 0.41653115 0.44122612 0.47195694 0.4232662  0.41861954
 0.42558286 0.39055267 0.43125176 0.41363555 0.40853471 0.41192594
 0.38712728 0.38908502 0.38666001 0.42220834 0.43515068 0.47691327
 0.41289487 0.41366935 0.41392633 0.39931935 0.39077744 0.40996024
 0.44233564 0.44374409 0.48699081 0.44505772 0.42289945 0.40093607
 0.38870889 0.41591075]
E for  14 selected participants in secure selection:   acc- 81.0400
loss:  [2.22807217 2.13933778 2.1345017  2.27915382 2.22394514 2.18549895
 1.93905199 1.72211659 3.27278781 2.38315225 2.30996299 2.30435562
 2.29950905 2.2966671  2.29285645 2.28613877 2.27849603 2.26774216
 2.25621676 2.2366035  2.2151897  2.20268011 2.17873526 2.09740114
 1.97599506 1.88200295 1.80341256 1.56364357 3.0368793  2.23624086
 2.03976011 1.91802776 2.01350927 1.70728886 1.64515054 1.75100708
 1.66553736 1.56781793 1.33415496 1.33711076 2.01179123 2.05807137
 1.77940726 1.70694256 1.29730034 1.17515934 1.15823364 1.43927109
 1.41673672 1.16130948 1.03709686 1.33348167 1.33019328 1.09206069
 1.06557953 1.18916547 0.96193582 0.88857013 0.88553184 1.2083447
 1.07454419 0.82365429 0.92683029 0.95001817 0.97742587 1.03951991
 0.864375   0.76453239 0.75646621 0.76081687 0.88429421 0.88564014
 0.82942998 0.72376287 0.76975363 0.73066396 0.76791227 0.78287035
 0.70701456 0.85908943 0.88022822 0.82292509 0.78793204 0.67546672
 0.6822331  0.67147774 0.6837346  0.728095   0.69219798 0.78404504
 1.13632405 0.87860519 0.67094666 0.65053391 0.6490221  0.70520991
 0.82043272 0.86008191 0.73544323 0.64146233 0.64686596 0.6889993
 0.70453995 0.67297763 0.60036975 0.61381173 0.64758587 0.72219241
 0.69616687 0.67060244 0.65769923 0.59466892 0.62649488 0.69163495
 0.71062303 0.64485753 0.68336171 0.65031058 0.61870819 0.59969401
 0.58324128 0.61650676 0.64937991 0.63047069 0.66223347 0.73627937
 0.61201864 0.57011104 0.58038563 0.59086496 0.61769211 0.63783246
 0.65069216 0.63045728 0.58122498 0.57352901 0.5779162  0.56750727
 0.59981096 0.60606396 0.62458146 0.62795317 0.66909194 0.60646975
 0.58734846 0.57397318 0.54309112 0.63465476 0.73147082 0.57332426
 0.57414412 0.61067897 0.5603677  0.55779558 0.56729341 0.58463418
 0.5523836  0.60994029 0.64833969 0.69180095 0.66941059 0.581195
 0.5685792  0.53479111 0.53161472 0.5299744  0.58982193 0.64346313
 0.68375742 0.57625061 0.55085969 0.53943211 0.5232321  0.53218812
 0.56222975 0.55200094 0.56114835 0.62155324 0.58351398 0.58460855
 0.63925004 0.5851177  0.55142307 0.52029753 0.54465061 0.50740433
 0.50454283 0.52399784 0.59770525 0.66574699 0.55746639 0.52089286
 0.51713687 0.55260921 0.58653677 0.5399586  0.53662539 0.5699861
 0.70959938 0.5755493  0.54062068 0.52786636 0.49834633 0.53295201
 0.53785545 0.56406033 0.61573756 0.58519578 0.51209229 0.51860249
 0.51009858 0.50958747 0.49833238 0.49337354 0.53069592 0.57138425
 0.52130127 0.50251615 0.49898285 0.53365326 0.61808902 0.57930237
 0.50336689 0.49023432 0.4922753  0.48396367 0.49931207 0.5164836
 0.53733641 0.49700326 0.50445217 0.48501998 0.48107579 0.50621682
 0.5171535  0.60600531 0.60579658 0.52155364 0.49309942 0.48484066
 0.49915811 0.49688363 0.48081586 0.50970632 0.51066214 0.48670414
 0.49867567 0.55936366 0.57468021 0.53126192 0.53719091 0.51504773
 0.4987818  0.47395411 0.47716093 0.48432148 0.50464582 0.52792275
 0.49364766 0.49594811 0.47664604 0.4918164  0.4942877  0.4934684
 0.49213174 0.47010893 0.47464892 0.54359519 0.51141167 0.50372517
 0.53703064 0.63842195 0.52051294 0.49637806 0.48369366 0.48908198
 0.50048941 0.4830606  0.51314998 0.50302327 0.45736364 0.50021774
 0.52650589 0.55755186 0.50376815 0.46905327 0.48081455 0.50965852
 0.50398403 0.46849027 0.48642471 0.4679586  0.47027674 0.48060033
 0.47052905 0.48636192 0.5175963  0.47458583 0.49618676 0.46889579
 0.48912787 0.46256295 0.46035928 0.45957699 0.48502237 0.48134106
 0.47041714 0.49106044 0.46534398 0.45622441 0.48325127 0.47529492
 0.49405137 0.48195684 0.46948779 0.45618901 0.4631252  0.55844295
 0.57923567 0.57615447 0.48014805 0.46775815 0.45015004 0.46836942
 0.45649648 0.45994365 0.46424326 0.46376723 0.4576042  0.46301842
 0.46198773 0.46310073 0.46323091 0.5002538  0.48575768 0.48620245
 0.44996998 0.44494447 0.46636429 0.47212383 0.46036193 0.45932728
 0.44400516 0.43580446 0.4446955  0.46687183 0.47206461 0.45910606
 0.47042719 0.44211268 0.43378907 0.44322658 0.42934781 0.46091124
 0.4687292  0.4732044  0.45853388 0.4359374  0.44816059 0.45197895
 0.49800724 0.45469028 0.4672147  0.48170894 0.45117739 0.4467963
 0.43245104 0.47701681 0.4532834  0.4485288  0.43604234 0.44475523
 0.48364979 0.53719759 0.52182353 0.45964995 0.42819664 0.43924776
 0.43716493 0.46478692 0.45568135 0.44180673 0.45532763 0.47551855
 0.50729096 0.4657422  0.44715068 0.45085439 0.43826854 0.43873936
 0.47826439 0.44373974 0.42445889 0.44438618 0.45177159 0.43797895
 0.42844272 0.46018827 0.44238234 0.46183315 0.50750798 0.45173204
 0.41790536 0.43242696 0.47117031 0.47114903 0.4537414  0.42011055
 0.42269278 0.43684414 0.43318251 0.4596673  0.46526909 0.44869989
 0.4487434  0.45791188 0.43696421 0.41927367 0.42577052 0.42999184
 0.43889517 0.44039518 0.46466151 0.49322194 0.48348969 0.43262982
 0.41307622 0.4420881  0.42911962 0.44660565 0.4614827  0.43904302
 0.42342773 0.42536679 0.42589629 0.44551834 0.43484277 0.4311626
 0.43067697 0.42698622 0.54255819 0.54228973 0.48666543 0.47336146
 0.4304775  0.44822282 0.43667275 0.41729689 0.42995113 0.42316088
 0.41952354 0.43723729 0.47000736 0.45347095 0.41906005 0.41516364
 0.40955129 0.40990171 0.42064422 0.41632783 0.43796837 0.45999703
 0.43786386 0.42211446 0.43507504 0.47115541 0.43434906 0.41184023
 0.41711485 0.44494811 0.48191041 0.53495204 0.45233408 0.43286186
 0.42599067 0.41766122 0.40909356 0.40270728 0.41621944 0.42682949
 0.42212045 0.4192417  0.41953716 0.41832334 0.41632113 0.41520521
 0.46030205 0.49375516 0.43192154 0.40967464 0.40935373 0.40895724
 0.40638104 0.41906163 0.41874975 0.40395963 0.44565347 0.41756061
 0.42032695 0.48162133]

E for  12 selected participants in secure selection:   acc- 85.1400
loss:  [2.26804328 2.23080778 2.1670897  2.06303859 2.00301123 2.966326
 2.30491567 2.25380516 2.21514511 2.16213298 2.10714388 2.03100443
 2.02102208 1.73691857 1.6573     2.55524969 2.31584835 2.26695013
 2.20830655 2.10489011 1.92341328 1.79174507 2.92325282 2.31079268
 2.26126122 2.1681869  2.00784135 2.60571051 2.28861594 2.26219583
 2.22314763 2.17062569 2.0926559  1.98742771 1.85940218 2.12459111
 1.81932914 1.51855934 1.48588896 1.96966696 2.09030914 1.7895453
 1.46793044 1.24956059 1.20139575 2.42187929 1.86957502 1.52932036
 1.37236118 1.32662773 1.3118937  1.63616705 1.50599134 1.08151066
 0.92862862 1.06740415 1.920766   2.07992744 1.36682487 1.22708631
 1.08210719 1.02941275 1.01151812 0.93277287 0.87433553 0.88562131
 0.97780871 0.98521143 0.82724804 0.77670753 0.84747803 1.10476565
 1.0000267  0.85881358 0.75775468 0.8131519  0.8418864  0.81894422
 0.79729158 0.76539773 0.76380086 0.70664185 0.7147668  0.76144099
 0.78992349 0.87600076 0.75003171 0.7465592  0.68019128 0.67305601
 0.66106725 0.69155103 0.75975418 0.73790437 0.70875019 0.74982953
 0.7593267  0.71882683 0.65522575 0.64675093 0.65434158 0.6953336
 0.73999143 0.65766966 0.62919128 0.61914635 0.61283988 0.72559065
 0.82944161 0.69248235 0.63194048 0.62682199 0.6351074  0.67383015
 0.64299995 0.62975234 0.63840538 0.64354593 0.68149072 0.64708567
 0.66415769 0.61511165 0.60732538 0.60168314 0.65008843 0.76969075
 0.70431584 0.6448676  0.59205788 0.63368881 0.64550936 0.60640836
 0.58869207 0.60733342 0.59783053 0.67671132 0.61078584 0.59160417
 0.60294908 0.59901631 0.57526213 0.62693    0.84997004 0.70152736
 0.60267854 0.5880667  0.58519572 0.58307171 0.64032716 0.65713692
 0.59495574 0.5640136  0.56163055 0.55753243 0.57837522 0.66627651
 0.61458379 0.56014043 0.57352692 0.59991831 0.5709812  0.55526692
 0.58764791 0.54970396 0.58571374 0.79644042 0.69613075 0.59989095
 0.55562586 0.55906141 0.55622327 0.58385223 0.56953967 0.57592082
 0.56830806 0.5993371  0.5907082  0.58053941 0.5450269  0.5553003
 0.5650273  0.54920846 0.55816209 0.53690106 0.54119319 0.54987651
 0.58833122 0.63234127 0.69863647 0.55968547 0.57058609 0.55038458
 0.5573101  0.58157372 0.55480784 0.60740072 0.53537679 0.52341199
 0.52203166 0.54881638 0.52363539 0.53946269 0.55820137 0.53194296
 0.50839627 0.51711982 0.53389692 0.55252653 0.61768186 0.56857175
 0.52843845 0.51235235 0.51411831 0.52629155 0.53111213 0.54942214
 0.55077481 0.5651623  0.5337823  0.64644128 0.68343782 0.52845913
 0.51299942 0.51406246 0.51784861 0.52272505 0.53852063 0.58150351
 0.56330413 0.61037409 0.55580705 0.52378833 0.50732517 0.52617449
 0.54923451 0.54716945 0.53536111 0.51018369 0.50446206 0.51495481
 0.57930762 0.5974735  0.52429008 0.56434047 0.53334838 0.5056904
 0.5042966  0.53901428 0.5584324  0.53125244 0.51049185 0.50962746
 0.53829092 0.5348596  0.51285034 0.51585549 0.56464773 0.58098143
 0.52264285 0.48912817 0.5007382  0.50367844 0.61900252 0.58682328
 0.52456826 0.48496395 0.49876168 0.49962223 0.51008451 0.52776355
 0.51399052 0.48518613 0.48255259 0.49557206 0.4922961  0.56090122
 0.56195992 0.51975256 0.47752988 0.47294575 0.50667685 0.49049199
 0.49433702 0.49783716 0.57975978 0.57853431 0.52782106 0.48628795
 0.4729878  0.47593778 0.52207458 0.54469013 0.54811192 0.4762913
 0.54556066 0.50750858 0.55611926 0.53928357 0.49477968 0.47989506
 0.4769733  0.49932748 0.50202024 0.51888394 0.52685255 0.4922497
 0.47286725 0.51736116 0.56479716 0.59159458 0.50364918 0.48234761
 0.46679717 0.47468281 0.47743434 0.50672007 0.49658862 0.45946002
 0.47821024 0.46703497 0.47398257 0.46529844 0.46623144 0.5587613
 0.71104836 0.63940209 0.49189076 0.48285723 0.46802846 0.46184805
 0.46171629 0.48298609 0.56153607 0.51294065 0.4777891  0.47797543
 0.46868148 0.47858876 0.46346226 0.49482661 0.48433384 0.53760773
 0.48759809 0.47136986 0.47058618 0.46206641 0.53731853 0.58706379
 0.50589818 0.47001532 0.47741005 0.46023813 0.5031321  0.4733392
 0.46618468 0.47607508 0.46656051 0.46108651 0.45790026 0.46945664
 0.48326674 0.44997677 0.46202728 0.46772027 0.56468135 0.50067687
 0.47464556 0.48864532 0.49448618 0.47418579 0.50035965 0.49009931
 0.47741151 0.47035414 0.46234354 0.45308807 0.46112314 0.50171018
 0.4582518  0.45882607 0.46008539 0.4478851  0.44816187 0.45698276
 0.50006169 0.47272706 0.44274613 0.45403656 0.49250153 0.47337925
 0.48734912 0.45701495 0.45695245 0.44678783 0.43474105 0.49251598
 0.54495823 0.58923435 0.50615656 0.44835225 0.44343603 0.43842587
 0.45584872 0.49150243 0.4779503  0.46403164 0.48748076 0.45272037
 0.44257665 0.45552358 0.4460046  0.44560489 0.4536556  0.47858438
 0.44651294 0.46980298 0.45000577 0.45151913 0.46510151 0.49744564
 0.4369964  0.44888422 0.4691793  0.51188397 0.4329952  0.45535836
 0.44570395 0.44497296 0.44172099 0.45251998 0.50843662 0.62515855
 0.46889886 0.45355821 0.43327197 0.43213487 0.43239823 0.44720832
 0.46293056 0.43011552 0.42285523 0.43031791 0.43601763 0.46047652
 0.43454331 0.45732328 0.54543614 0.48565125 0.48074672 0.47360346
 0.43107364 0.43372676 0.4400692  0.42457598 0.43040478 0.43794477
 0.42328912 0.45494869 0.4594087  0.46758375 0.42303094 0.43853268
 0.4268181  0.42701197 0.497713   0.45932236 0.4207024  0.42549229
 0.42911211 0.43081591 0.42471129 0.44503832 0.45436987 0.45083565
 0.47326905 0.47104132 0.41874287 0.42132583 0.45067012 0.44671622
 0.45816064 0.44851378 0.42747775 0.43172431 0.41679776 0.41969058
 0.43068531 0.41399789 0.41970345 0.40858263 0.41175917 0.42754799
 0.44246641 0.4486995  0.49772841 0.484442   0.44554052 0.42078662
 0.42382881 0.41060194]
